100
3 3
10 1 20 2 25 3
10 2 30 3 20 1
3 5
10 1 6 2 10 1
5 1 3 2 10 1 3 2 5 1
3 5
10 1 6 2 10 1
5 1 6 2 10 1 6 2 5 1
1 1
5000000 10
5000000 100
3 5
10000000000000000 1 6000000000000000 2 10000000000000000 1
5000000000000000 1 3000000000000000 2 10000000000000000 1 3000000000000000 2 5000000000000000 1
3 5
10000000000000000 1 6000000000000000 2 10000000000000000 1
5000000000000000 1 6000000000000000 2 10000000000000000 1 6000000000000000 2 5000000000000000 1
3 51
695602127492989 77 897576519477705 77 811460979258519 77
7590219341717 78 117681648763926 77 66270725183829 78 1 66 1 77 201708576076686 77 6450887444524 1 41270950191829 66 81674606401554 77 105372150618362 78 1 1 56544317962656 1 70606813465372 78 1 1 34610446354300 1 124840244484305 77 93016761657684 1 88802450686895 70 167542396623349 1 131196717565312 78 106326227171670 77 84093852451763 70 1 78 18456708666974 66 58013893973720 66 145740284246974 1 87765229679240 1 159170932848358 1 138560432937034 66 59048568151619 77 1 70 158660324211716 70 1 1 74884586148882 78 90898980253349 66 1 78 7355375729656 1 1 77 87847263890643 77 1 78 43739275903524 66 114736198441304 77 1 70 102120973803763 78 17567576107541 77 1 77 164761715136628 1 99207630476390 78 1 77 1 66 1 78
3 92
3263265053691433 68 3343829800006551 80 3176461557007726 28
101797649310839 75 17014460751620 68 118736223019429 35 122606799619953 94 79683604116663 14 153764294215379 8 82143368626578 27 123844566625202 56 62365058933678 29 101760771848750 10 118899035246941 1 185321233523552 9 127822333499093 28 63635458321376 32 33436791396144 54 226448934896710 6 111341409692509 38 87635324593891 31 70990013286881 40 126823798942537 84 223028632001484 47 69585438011142 80 209734390127968 7 134060087639301 93 23237574235401 20 42669620401881 53 1 60 12522722606831 61 30300301212037 70 165105958740673 65 96834133425412 34 119476817224107 67 119795063775262 8 104719498913129 31 55540690881846 14 120900688098738 67 80709305051611 35 1 94 71304237991280 47 92962747890243 80 72087674893109 27 131395117068110 1 199729459024124 56 33675046269600 28 114854362818565 54 117810981934433 65 148919089586838 60 147700726348854 10 129158556882800 70 4182792674044 40 93909929442905 38 109011160859073 29 141488465225077 93 161434199067856 75 111862281976888 32 143392987045545 84 106461859384255 34 163112763420214 6 129068359412418 9 42653869777506 7 74394213253175 20 54467570320656 68 136513134100347 61 100768426804610 53 140932599539757 60 99996340557401 7 138628013441541 54 71132146839027 38 135639642243952 27 96447509027145 47 177798374296884 93 178452625243877 9 28343700208186 28 240903730175089 35 53462212434172 8 106481735859734 80 73524186285930 53 184940303887170 31 1 70 116588154967423 34 78739379460928 20 124060853101696 68 132921971232900 14 131923169080753 56 71063779555902 40 153391375033259 61 172684484929754 6 52033053738032 84 75548973892794 10 148611812819680 94 149472361740081 65 162064396516722 67
3 7
285740921590767 21 496565451863301 78 448305127110106 21
217656660569415 78 168013907931124 78 293294615900529 78 72578731976509 78 256068758622093 78 327480532796070 78 88297148444425 78
3 91
8599973284768818 9 8594364377542200 14 8602744648727239 41
292068747040094 16 292864134131917 14 276263615941290 41 287752118105940 14 283065074772785 9 278832845383412 16 283818100970735 9 287686647802224 16 282205317733258 14 290184746433838 9 289895663014433 9 284819622376682 16 287666001879412 9 287035124081828 97 286370949104438 16 281763039296155 14 284943573145364 14 285185991181367 41 278713899332964 14 283367561681369 41 285810301149656 14 279971240751370 14 284139870895332 41 276252932638776 41 280178841203935 14 284362374572449 14 288784964460382 14 285253617457213 14 291136585131710 14 286684921216753 14 280065191394625 14 280431607719282 9 282861543604764 16 283742537247405 14 284501494600452 14 286120426992776 14 285786580467025 14 281880820990008 9 291758830887439 97 291258359512734 14 284665989765026 41 282805371993660 16 280533875595753 16 284836055095389 14 283564324675115 14 287129312993391 14 279475811886753 9 281432725372545 16 284586402040162 16 276925431252305 9 278596704937321 16 285471545637099 14 278274200163557 16 278775787715086 16 286851863488906 41 277323954520741 9 284934734272064 16 286786828570505 16 292280832742706 14 286466193818138 16 290055593165608 16 293387040823667 14 286409561296738 14 289222488794131 41 290289325520479 14 286370289134884 97 281579931336844 14 282846256418473 14 286656950832626 41 291093916963017 41 281025142437534 41 282290839954047 14 286688328056696 14 288334117466696 9 281641261581938 14 284997570335370 14 280094096867394 16 279796658639590 9 282317179695824 41 284208928804841 14 286276038881183 9 290657742481655 16 278782166637804 9 278115882934965 14 286293186428075 14 276889607752783 14 285479108898328 14 282031290435310 14 287509528548936 14 289163476754011 16 278676494516158 97
3 18
1361304070265653 64 1344854433516269 64 1360180591887243 64
197946312401293 64 335456368965312 64 228729677638859 64 247471623599543 64 174145952447532 64 261850221111576 64 263397036111013 64 212242635563116 64 282866360946732 64 336468942217580 64 313736288006731 64 207800668557657 64 221875326824927 64 322047029969326 64 158571772101473 64 284587245705665 64 195353744165293 64 256679631755937 64
3 45
3525239309602419 52 3533954883755457 31 3528554519911065 52
224837079575658 52 233897964369298 52 227188957839005 52 241514402475758 31 234920826952266 31 236489145361419 52 223379408157341 52 227148997362504 52 240712387234641 31 237753272699302 52 235268664043426 52 238460295529101 52 237340125103978 52 227078556406059 31 237392256952724 52 232925188881076 31 236077717933988 31 236910094887472 52 248200492022007 31 235355530886380 52 229670763354210 31 244988616532883 52 233180047824629 52 233927515326017 52 231966152920720 31 240854930050632 31 227721424330581 31 239941279613818 52 238360439848178 52 246971749936881 52 235626595071646 52 244786324679852 31 236407057934496 52 252547947599912 52 239434709139751 52 237803001668772 52 227449115556440 52 232993864268074 31 238779293665571 31 249724282886858 52 234858202260907 52 233661808210808 31 232434157772133 31 253708023451514 31 246427204806776 31
3 59
2764301488397524 100 2761090930530294 100 2696422745617249 97
1 100 116505435896727 10 195744002924969 97 149072671725365 33 185574134649924 33 196454551739694 97 162734741581046 97 196278156130152 33 271066843715712 100 1 97 176387132150012 100 125734551697535 100 219849842464142 100 61729115900055 33 252521078665472 33 211443072106111 100 114953862816710 100 153417725422365 100 112168750344811 100 127880293025287 100 123550098542684 97 212438732667144 33 94532570921554 33 276080483968939 100 78269099558529 33 208171799757290 97 171589134138213 100 193307023057673 33 111475029602308 100 226762974897028 100 23366609363338 75 21332449513984 100 189974153814399 97 176104801019659 33 1 33 275181190030224 97 99914988776092 33 123055928540492 97 74426007877342 33 182776012278947 100 148308223433762 33 106158914627950 97 92606280691838 100 52397761537300 97 91957845150705 100 35387930166146 97 301878638393014 100 242740641538566 100 37280538430691 100 60518029666903 97 160785364744488 33 1 33 21555546706096 33 221603825858144 100 1 10 163688864326253 100 125104130385151 75 189882595128222 75 74610485788382 97
3 90
3913138851283277 94 3912998335760898 78 3913313601856726 32
130949084413165 32 129883779073509 22 129690478417030 16 128904587660422 78 129921351659836 49 130897453727197 94 130919478745932 55 130481831363165 10 129205990113832 30 130240306456753 91 131160987902487 65 130732307611133 3 130049898319413 91 129818207915594 65 129349268968425 78 130252814916830 30 129860944466262 10 128783395983335 49 131243572892187 55 130245843644040 22 129969491801856 3 130648656846025 16 130661049257223 32 130231207944657 94 130954707655431 30 130364827520252 22 130629029638590 91 130058175647209 10 130066214515986 49 131402146336166 16 130451347355501 78 130230900667679 55 131145160328543 94 129977858791670 32 129522890244056 65 129807406828867 3 130953601092101 3 131082012318334 30 131063827262168 91 130511105759037 78 131165746209910 32 130160769270103 49 130428822103120 55 129598061860549 65 130434915692307 10 130308586324758 22 130014040694887 94 129544399015951 16 130613585440287 65 130098734289846 3 130207637417571 32 130251860821200 55 130326165207802 30 130629881099355 16 130509083932765 91 129887427446233 78 130437797099422 22 130624696480280 10 130493098793231 94 130990914439035 49 130827177642214 16 132116532371235 30 129893488532754 78 130344394209580 91 130164244730733 49 131343080893740 94 130026690683344 32 130703392622049 65 129238075934562 10 130507771557010 22 130001114391798 55 130488242871870 3 131283786229447 22 129911422864259 30 131038682266885 3 129517920081454 94 130034707318928 65 129775649820226 55 130251044489477 91 129989642687457 49 129995278127262 16 130606992647780 32 130608621217525 10 130350943238174 78 130309441787738 65 129777912270258 32 130449287163491 49 130421976545648 16 130432237412410 91 130526574056484 55
3 71
3694640871240699 70 3920334449409866 67 3873357255063206 70
98216713423165 67 183580695908629 67 264121892139645 70 202665951827747 70 165124222113648 70 206432725617678 70 222806839252248 70 169403562479323 70 199808637239381 70 96498772623929 70 146875118737576 67 170222202806640 67 232273451772548 70 153954240110748 70 160372596973878 70 183140910707636 70 104636725847766 70 199562619979749 67 153400063310696 70 167191822427446 70 155985300752450 70 172143380137457 67 85377085336041 70 77890647554396 70 153709259454255 70 45080315259328 70 83864995605666 67 137484505780514 70 111117343024206 70 182019327655592 67 154438588737384 70 125483711887905 70 245443012850562 70 199390374713719 70 99208768898637 70 147225765464139 70 102742538137271 67 194029439555649 70 156501321519531 67 231765563221864 67 173922959970018 67 195131424600771 70 187358463704853 70 161615205344045 70 325507197028425 70 151080604433344 70 107671028498850 70 120942204115021 67 116001340523635 67 173326302778652 70 211825609702029 70 154565095078909 70 102352202794845 70 180027734317984 70 136757265720243 70 142912463894365 70 91749045487989 67 67038256354272 67 158786879520680 67 131444910859237 67 198481938096100 70 153089342845648 70 244185807679678 70 162159746718761 70 191846636318906 70 297401252825748 70 211076946123121 67 103392619894918 67 286933333850947 70 118988302777006 70 246353311346420 67
3 71
5775935789900162 12 5741799767896446 4 5748904011588813 12
240765391338903 63 245517881259432 12 233215918133931 4 249016616548125 12 228943129140182 18 241131329494028 4 229859383033987 63 284644466626164 12 271643151554763 12 246508396400176 12 216026472239810 12 236471845725169 63 278772560611383 12 261064870908592 63 242229743679348 63 247250649259758 4 252456754291683 12 246169574964986 4 232244464862132 12 217663583807881 99 270904302801964 63 253172674288624 12 240745949743443 4 261458643925216 4 243082974928614 4 242935712895615 63 275008393015103 99 274305191476745 12 273663603863603 99 262838278194932 12 260252229673434 63 259482351446839 18 263767578822757 12 206610302463175 63 246148287163995 4 273269393968241 12 272741063656736 4 264959183869638 4 217332941006564 12 237599674710630 12 249651811633501 12 267559492252893 63 251154010228685 18 248869671732538 18 252531458490084 63 211138188671183 12 276697407907810 12 254169395908911 12 225530605693463 18 242151465683499 63 259203022877827 99 261857305037926 12 237903506433512 63 262977509491048 99 243641126663166 4 246637325642049 12 223970754001271 12 213073452340956 63 233433855755811 4 195830056955839 12 247797392460632 4 249852217492464 12 240353532680671 18 251710185683560 63 227909924405039 63 236188288586092 12 242291776618579 12 223605795369240 12 259695948519604 12 219068722535497 4 275188816272477 12
3 33
3032725140062279 19 3121163290947217 50 3064629907324619 97
246665262156583 3 269584129750705 95 351750108478941 25 228749950687768 97 272067994494387 32 218246206082869 92 269706867290571 49 277125783278531 81 246429885005804 57 282993235119770 88 281343007346847 13 250515651051223 93 307640863522385 50 349904929536103 61 279891183769520 48 297573729800919 74 328821379775023 82 298927015468568 55 300064910564615 15 241489666797532 63 292103737056243 27 255120665108084 19 262780102573292 28 334036447959232 10 294529115738620 65 296619549308456 5 276450948005543 17 256166723206223 82 329622726305532 17 296628712717595 15 288483299619780 13 261338269307617 61 282196511098122 55
3 34
1574250925417372 81 1470950697984993 27 1499231647877232 81
125060102913267 81 1 81 89777001441265 27 87604140970303 81 79421772986403 27 1 27 137447425374988 81 98510451619686 27 257970008254274 27 82316068049853 81 135196319725280 27 177774915952402 27 197144154833417 81 37364799250962 81 262779132568281 27 17025374895582 81 238299205805200 81 124700476656492 27 52870864793727 81 314580646900678 81 198551985383295 27 81059460242953 81 152178752274286 27 150401981603481 81 180807806566398 81 241749175228215 81 46684351349296 81 112464263648210 27 107339920961427 81 198354659844985 81 149315084094398 27 237083516599262 81 102659927622921 81 1 81
3 89
1653212826193392 75 1688291990350014 75 1750019437721025 53
54893173201929 53 1 70 1 5 33080957354450 5 1 70 13602969841478 70 88512589674099 53 138572522239373 20 172582454027104 75 1 70 9011423641179 70 88684966458260 70 1 70 61551878229083 70 37052113742973 70 101607432173856 75 16582596474528 70 112703830682362 5 116021466015333 70 13556203021600 75 1 75 43041446817190 70 1 70 1 53 176997801927030 70 19206765292256 70 136007669865182 70 51707057631026 53 102554685626822 75 76688103224945 75 28895747156348 53 51341563838297 53 48703840058804 75 106095326899792 70 51099504282565 20 1 53 80938208604999 70 1 75 1 75 1 70 16551558221665 75 175521090854852 75 148526756252304 75 11361526618491 5 93132228280518 70 109652568642118 53 180586314884031 5 1 53 96491378075906 70 102094112436888 70 102352996487789 5 1 75 23537291106996 70 1 70 137539621111371 70 35651930361703 70 104016338893147 70 47718858321479 70 1 53 216982722915410 70 66944580027055 5 66493608557815 5 56905008011263 5 122050108740746 53 43375287109310 5 45163016047740 75 118227178017046 70 3195596785596 75 1 53 156491445475777 5 19208165792149 53 119334979643759 70 47969753189276 5 56800877009940 75 1 70 88225041264556 20 25749231344791 75 1 70 1 70 156911332474959 20 1 70 70577058701496 75 1 5 211001539076176 20 28977938113409 70 97106248064919 70 1 53 46707555826550 5 66963825112888 70
3 10
375902975289555 76 301272765057351 93 445693318357942 96
49707207299904 96 188065549377890 51 60315395029940 6 157090647842296 89 66782817582792 9 71867207294344 28 116112012126193 21 87840708497164 36 183648163424098 77 67811805785348 47
3 97
1788053926132237 79 2014521664032756 7 2016249277035403 79
1 79 12194220226402 7 32236307883320 79 133883799602355 7 59016029660651 79 141236506802860 79 60157132038437 79 31166775848049 7 17112628425 7 1 79 52584068031157 7 84835343130114 79 104669883964555 7 32768212662716 7 1 7 56291028248164 79 81828257828596 7 154362960521867 7 56915409387404 7 71296180848259 7 1 7 43997584667340 7 1 79 41894095655826 7 8391822537715 79 1 79 162165651182487 7 1 79 121279739403737 79 116209694472481 7 114462632530958 7 120927034875732 7 128335519880381 79 83234583580156 7 42895911664371 7 93462243713113 79 1 7 52849814005753 79 57818686738473 79 69414006518159 7 49944467462567 7 11929624183071 79 86263048412793 79 94559865412241 79 174733613092764 79 67317210028013 7 111048621517228 7 115250157546731 79 101711295593390 7 1 79 125157512401803 79 1 7 35264815914761 7 117988019341702 79 156861616129039 7 1 7 4632911746752 79 16006652721199 7 86701440320591 79 17485202383147 7 93560378461742 7 24816016166696 79 97067815613216 79 1 7 1 79 57020923695682 79 119761856941789 7 24784591004975 7 103553955195711 79 84926162411691 7 137688441664025 7 83968717860933 7 149719059284306 79 62159917664022 7 79950995036560 79 38375163163832 7 66617063686756 79 56706295830611 79 1 7 91827807060441 7 1 7 1 7 61271995214215 7 38431000169008 7 238892731612624 7 15535916616171 7 130862376374665 79 184595519631174 79 1 79 51699958004391 7 118184144384274 7 111704685994827 79 1 7 137797356916126 79 50671035316933 7 132062437205820 7 1 7
3 45
2695646479455206 25 2697220251722416 25 2702999860594530 39
177341414736544 83 175693932199102 39 170993219683055 39 185866970335751 39 178323113471781 35 189419346462652 83 185027574512523 35 187415828089374 39 173615153894687 57 178114276940955 25 171203132631583 39 182527452609494 35 186841140559304 25 181145328555492 35 180905529189279 35 182247277608573 35 188794519305428 35 178728150938137 83 179624581626482 39 191449148227058 57 172563071428165 25 174740434177526 39 180348871622550 39 174286366986064 35 189093988591831 83 175906438560368 39 185973371121539 35 174211599048775 39 171525611292244 39 177351120379120 39 191521385613510 83 177803375355581 25 177621376576180 83 187317466463426 57 173707019198489 39 190395462213446 35 176539334095748 57 182350105253062 39 178800087977869 25 179169236542317 57 178664289161212 35 173610634662128 35 174872430038678 83 181607875617987 39 175786222431437 39
3 58
185461045893387 81 131491546572457 15 200972395614346 3
10290041264337 26 12850948422589 45 29966436177352 25 23904103195965 81 11047255673419 51 1 84 37727256691894 24 1 9 30268020746036 34 37561726587731 75 1 92 33188486355097 58 49741963283089 3 31408296322696 7 1 82 26493630119165 48 34944632549506 12 1 60 1 33 80858561693862 40 37853030293809 36 29999535144034 56 10283780643770 43 42541239983109 5 1 46 30256482128050 42 5293511056431 21 1 13 25791670379374 19 1 47 36040163157313 90 1 31 1 2 1 50 1 59 1 91 44314817754118 14 1 53 10577574225422 88 51092616121152 62 46259679874856 65 16954822274499 8 5597443772511 15 22837077059553 7 24397167626872 8 15633186919949 58 1 53 1 81 1 24 31283231619214 26 1 33 1 13 9484569726096 9 1 21 15740965602767 91 1 46 25516731938683 48 29214974956111 25
3 60
4004783600139884 20 3991343995420840 3 4026792032654431 20
165659112154575 20 231984859960173 20 200874450361917 3 170285333484759 20 212312471183780 20 194479808158680 20 212882774082942 20 221416918407861 20 207324868300051 3 173006790742923 20 187250474779717 20 185452632021988 20 212256290036942 20 188141275997604 20 180210463733050 3 202835469789534 20 215124991525372 20 202975198108207 20 191518892831596 20 220535208914230 3 193260823931418 3 195286648105188 20 189929268330434 3 200453811376241 20 194386465003281 3 203956430884728 20 207950146465998 20 200300399348993 20 202772223109914 20 211454580459362 20 196680333739064 3 197038570938777 20 201076262037678 20 213261978112911 20 194815516291670 20 205252690437653 3 207195675058966 20 212930209196666 20 187916469218899 3 189831438642751 20 189062170283841 3 188305427049580 3 204064406540127 20 215440298002625 20 201347382953683 3 195205953862763 3 199693219061252 20 223205298724042 3 185615935119517 20 191040995656628 20 178365994996178 20 211404302069688 20 199346270137642 20 205270584567774 20 190267944565349 20 217525513144856 20 203868432768624 3 184221598477950 20 214378696048992 20 210369516021483 3
3 13
76239839155069 59 129293111952051 75 267599992194218 75
64872004564649 59 32608116187415 59 98518675557344 32 60154170726420 99 26906811188040 32 44914131054774 59 1 59 129892339119320 59 1 59 15569628148941 32 1 32 1 69 52442603221702 32
3 32
1648383540045818 30 1653711998655921 63 1670039319071396 20
169895053459971 14 275514261814305 50 147901766428446 12 170077412166179 41 156786246879735 96 206485134547351 42 109062596751121 77 161219721655927 74 159484624730107 23 195220273863233 21 138572804628075 68 266839186255658 95 181300131740445 9 74077596672336 24 232618330303241 61 155486958310580 66 128932683173412 13 219029446353373 86 177363700783149 63 130994395266461 20 100873191065894 1 108533364707629 87 101018339832189 99 98632661033199 83 185783598123866 82 152917007025197 69 193391922105069 38 112501699158758 92 191811755513227 64 160441122054159 30 173287508368875 13 141587509086059 14
3 4
103950947008616 92 122617166827674 67 1 92
34320005799113 92 27244739830519 92 46952042806831 92 123920811178820 92
3 78
7009265035258200 50 6987002207907964 31 6974416562520705 79
252642343198952 79 273220357080054 50 307733349885354 31 234130166138966 10 237547675863084 31 275853681924055 50 222516086245061 31 274401444470111 50 213292156740952 10 291512466783921 50 233144418656418 79 293973784561008 10 274122038820332 31 267605408001964 79 323744640492455 79 319135952987834 36 233812832460337 31 296797447554516 36 264317317515103 10 241147572962720 10 162622024045001 31 310343596736370 31 281273524541902 10 217023111971004 36 316004689318387 10 264972743771676 31 249736125561382 36 244793450954289 31 314823947472590 10 300863384392355 10 288074918846729 31 243624721893165 36 312306396193979 10 255279557570925 10 241015384178652 50 295884446571674 31 251663623670572 31 249601427059646 31 265666858722365 31 280565198732070 31 273675246187641 36 310733264417915 31 225564243268166 10 232847053829373 31 178022553465187 31 292560752133739 31 268512224390843 31 282669562030579 36 216200696209063 36 220577292651024 36 203827073371258 36 344450557243243 31 333029395227563 79 237521902692357 31 334978161950988 31 280352342057116 79 305613681779336 36 295454141013385 36 275399409284131 10 248846443178508 31 292199400992859 50 278085786890157 50 371762276913541 31 224858807090863 10 240192349193479 10 281686675164874 10 322411997105724 31 216472627991857 10 336293902955177 36 213196828554783 10 270624064447279 31 248875995998286 79 247049689057039 50 307820466784575 36 245127129338748 31 311725277753065 31 294007265070230 31 281646265105753 10
3 18
779598961238674 17 759690692783229 21 764813780649906 57
126105491808167 57 126546806701263 65 124208955256904 17 134616836194128 42 113669188690917 48 135251035181695 13 126938208551316 99 133127913007537 55 138156863714326 21 137697553774409 29 124619220331088 83 123696990078934 30 136418924044387 70 135171249198432 81 131858764006353 90 122601283877809 60 122729761433352 73 131888720425092 93
3 89
3369091885522150 28 3374541301877841 88 3297957467219346 28
81334680879103 28 122586669355801 88 100498278076912 88 41372912063621 28 124071580528889 88 112687974508454 28 91355941858618 28 221947108523289 28 80359236561457 28 161143314674683 28 138932142178327 28 135151989086273 28 87631920060652 28 115562446499312 88 67147240227478 28 155639253444764 28 45535352885143 28 33538517274299 28 149014871268915 88 84529115760813 28 98207247549694 28 127282146439435 28 94554348175645 28 42189016144756 88 77690427318073 28 147661899954689 28 155820502665048 28 72601194547452 28 82967642271066 88 110821661345772 28 169203340012317 28 178771114045810 88 145306751657997 28 70904519111157 28 147307947617709 28 112418354133914 88 88053322161796 28 191742519841389 28 149696693998658 28 143075258569495 88 146173639382838 28 153742817915250 28 132982585248730 88 83701020838224 88 108996092902364 28 116065517226689 88 118101869294757 28 210218687963049 28 114551920576327 88 106931584754787 88 60236363570030 28 192008029607488 28 106915828985498 88 95416466803777 28 167327007701027 28 106896846393963 28 99346308688722 28 183541220357690 28 103319099322147 28 41617213784824 28 133249306392544 28 156426176689373 88 101657573503691 28 124031672285711 88 175898742084668 28 149271808083412 88 139472767640522 88 58282681722206 28 137074647631553 28 91135605367976 28 89011821070993 88 116933873186469 28 121106363393449 28 54148123582751 28 104023576590290 88 109803992016900 88 130311114053282 28 130797357383786 28 169035590568195 28 147335464293369 88 102922926783771 28 153231250377352 28 27194960254822 88 82810961173982 88 83100840946461 28 111938974410578 88 77059887604364 28 132079464567187 88 102291054023242 28
3 73
6425241754373303 48 6504197749449489 14 6435198450700524 48
258281308174986 48 244242527929722 14 285165328475553 89 300266112493977 48 194970420862724 14 240181903418515 89 113579858888877 48 214337541299117 89 436121742768303 89 405420010131125 14 332978803846276 48 265542823686455 89 309637805519142 14 349752848956449 44 305913933339443 44 246280340855302 89 293292795058338 48 290976877605837 14 297516036728141 14 286324068619196 48 268249068873595 48 345910351341731 48 238107577503397 44 246641064533865 89 414352724486345 89 250931052391918 89 197930652898957 44 270505198485598 48 258907190748314 48 102486916580504 48 359116928434881 62 49926215695518 89 260264116324161 89 210959082347420 14 126373861105041 48 330391008879107 48 128196021797670 48 160729669342140 89 306363434730553 89 139104829975054 14 296657149596861 62 247009362480742 48 248563406982075 44 276089917090563 44 368496246712959 89 223147954995695 48 157882904940950 48 177897539538648 48 243762559406925 89 224317425415042 89 283734963916403 44 408346714564065 89 413627557787484 48 226972368951876 89 217197109943999 62 170655716573770 14 24087644553603 48 304518450924533 44 163651565535412 14 216922479815898 14 194280307359480 62 283685481145783 44 310714601109006 89 222164637552083 89 236130281349882 89 252537398963431 14 295670420675513 48 320153940239533 14 221965627848222 48 184070896212812 48 267506616674687 48 187512863880241 48 176295439626676 14
3 72
4516139140480525 99 4501780653334979 61 4621911824937619 15
233044618791294 10 276586165712344 50 126988649652910 88 335070349831234 67 295048023133346 40 212255903352250 63 289384049250215 11 215126170302718 98 255732473454229 69 153294418100422 27 156470769499294 59 101485253836103 92 202828787742178 44 211453335010295 81 269317181549911 80 74311052765177 79 150058024011789 4 139025234988452 90 118354137052704 37 148573713316536 36 300442427007579 60 286460196298694 31 102647030369801 15 212652200805262 35 392928940053833 20 51227850571253 43 272079025019980 5 269321042735441 55 113050723548378 85 139556985230703 14 213960626400729 46 138234525581175 29 195167923250793 41 23241942262848 96 112399467741473 45 206071681612229 82 208485344592481 30 379094303138232 68 177498639038300 95 283337003509813 39 151477072662178 18 266949042256597 8 252355236216603 51 68795688786149 58 149018025449977 12 400192884208381 42 167049586588884 77 269461938422 28 199277437612980 71 281966333284525 75 204875173120242 25 88422174410763 32 109050446801394 22 157925836628987 73 150844185342748 17 253923794307814 61 229740988625576 65 208159761869036 3 259694590055872 56 158088866558756 38 225541699613174 84 208477042614499 7 369913343450034 21 192129154713516 2 72564909102570 57 240465759274294 16 99116896076775 33 252523323826076 26 278395312789647 23 178690627308800 72 212952705543771 48 191243400079405 52
3 3
55145719067996 10 53203015277770 90 59103105200157 10
53074799841014 90 51465665956679 10 53794995422709 90
3 37
2926224587132502 71 2944828016960851 43 2873316760735843 62
247340166006157 44 208641480468171 43 260618443561280 62 259827193828666 64 229730682282537 62 243736093745302 71 272607686163574 44 217081505385932 43 228886531619745 44 203276894484725 71 281355185262207 43 251090318712571 43 285686021258843 44 172514693923021 62 221710348516218 71 183687957615082 64 238297836429563 44 230283641191365 43 234716393162410 43 216656516148772 43 277582080526136 62 208608876382687 62 233584889795601 43 250063809470183 43 188327670754470 43 298857098652028 44 273995490782814 71 235730126859082 43 207210643233106 71 291422237754616 62 237112549767223 43 197949659285853 43 222758987571986 43 247924791561487 71 245630051838777 43 256712690569228 62 225949068760876 44
3 42
3064267624101762 58 3120665924231769 64 2890154993902653 49
96063862968247 61 217836072047206 32 210387888853126 68 335626112362899 66 205597079524206 95 298145757003575 74 75579956006457 64 113924324741865 38 205474165929263 2 288794333664124 82 63435039917011 36 303700870416919 99 131118353978052 17 183151805521417 81 290096016596022 46 292357906903648 26 328228084366636 58 266734289185504 21 148482013881468 77 276427467076460 31 346193391382224 47 241676565686910 20 262654773639187 65 253679653276351 71 333805587408248 63 1033740233517 55 194015166497806 37 7632829146981 40 143829705691394 78 210273642849332 48 171502732274056 5 165429097419102 76 150197582085911 19 242314749673022 28 150289646484399 88 284497413539547 33 227487008648748 80 279625222629316 89 226795072520875 57 178865849489665 45 47792852055401 22 175554298417432 8
3 64
11926247438771 42 184822967401784 55 134129512157415 42
57394599348527 42 42991894658919 55 1 55 1 42 1 55 109712506863681 42 1 42 7236444561105 55 41202128685394 55 123762966777323 55 11050205000424 42 1 55 37886870598752 42 10829939026916 42 1 42 1 42 1 55 6742485605926 42 1 42 33520836655237 55 71446592866708 55 1 55 1 42 1 42 119418164552852 55 4155817368604 42 1 55 1 55 1 42 30014869018128 55 20075378272653 55 38507517719727 55 1 42 44126678963159 42 25013384877556 55 2138805851804 55 64989904413421 55 62673460479984 42 1 55 1 42 1 55 1 55 5679749458163 42 1 42 1 55 1 55 1 55 33127886715469 55 97031549502663 42 1 42 1 55 1 55 1 55 56524719037791 55 24037550991001 55 30142884655393 55 1 55 1 55 1 42 1 42 14931852925632 55 1 42 1 55 24057513476854 42
3 15
583536647295934 64 610977928825225 84 598613811710725 64
116302210952343 64 118469220289206 69 127196394295239 84 109919065701354 84 116217858335032 84 118511828570960 69 152569770424515 45 137932902527230 2 125206929146595 64 153577856483644 84 85445918593796 84 119179914694216 84 129876260407516 45 121159416614606 2 91016181329809 2
3 97
7907678016031794 95 7883295783645174 17 7880162597054166 14
248919219524530 44 229905563317451 34 270373527443821 93 238265653539653 61 245016295878665 16 207145304734541 25 253000631210762 63 249830123331693 14 254415960855036 32 202823011908102 82 254425717954383 18 208195058276326 45 240065933110206 1 217254375504576 99 257123643940090 41 223879890112381 84 251669186616657 7 254231217207909 94 229354707655792 29 252126077288243 67 200547642410673 70 254730674635299 27 239394217587618 24 224600131801533 74 305001456283744 65 258362157428765 43 242761986121498 35 243573279590729 30 250434236286014 2 235520188521557 54 198990188502663 33 254020116014746 92 212623269197370 20 247291990460472 17 222959851441366 57 281202580887454 91 229684837215713 15 244469456270858 38 243838952899034 39 248452774822506 52 247505029054186 23 254730596951014 58 269254273443618 22 239050966109151 66 249927326866813 37 210368141602589 96 211774913090425 55 213951384824615 81 233828651194173 31 253573923751193 9 236722780994756 51 194355277900726 62 264466708000297 60 238788692551921 78 236549300774676 12 241193650944438 73 237465221548506 26 210826706793697 72 276269174781171 68 268599561653803 75 228615583108768 13 266958526050670 3 281422565399723 90 266859331353091 8 224873997783961 40 211998286973537 5 257485907374596 64 230482839339536 36 209205270355419 79 255251731696113 42 217119204350361 77 264712884329994 85 234988050732484 21 215409942856616 49 280780020819281 80 289379151214526 76 253469842390743 4 247824139762878 28 251963699861337 100 264206748142382 87 246565679169445 6 216528536664215 19 229829428396474 89 193287175119658 97 245673893941570 46 260109215028101 69 213919339666187 95 253684925311103 98 231633512620451 97 225737598588041 30 217921141500418 42 191870001581172 19 187503537528902 22 261517194940166 44 237339888545196 41 252913108565596 67 242722489137387 69
3 37
351641481274398 22 340614072268888 29 402194822900085 22
1 22 39729294533753 29 60627891467013 22 25141923212110 29 1 22 8326495960391 22 1 22 6659340782972 29 72046698298409 22 19204179126627 29 15308183267477 22 74419920752767 22 34128058285129 22 34900162693589 22 50241855802710 29 15128164841054 22 41283305435196 22 1 22 32236120125537 22 41047440898519 22 59863444691322 22 45143629201279 29 1 22 1 29 91147812381226 22 1 22 8332615755010 22 1 22 1 22 49046530915327 22 27494144812825 29 49070981400138 29 37551838741081 22 1 22 31185616365269 22 52849251977799 22 6893075927468 22
3 26
242139291122872 75 166162982488388 55 155619108898389 57
53975219545217 4 142466599534847 75 68884902325420 4 137370565828144 57 33581923104275 4 1 3 27874148257604 4 62721724055096 57 79319714189128 57 7294192147391 75 1 3 16460646232970 57 1 57 88949765656422 4 148172054764089 55 7414257051765 4 1 55 113403198204049 57 1 55 1 57 44049542509314 75 4588634782436 55 1 4 118947834538897 55 80989002647567 4 1 4
3 75
6514204630918802 95 6502800027016951 49 6641261945869066 94
317654761691346 9 184596661488665 69 147944660463823 25 286850138288629 62 95281814207497 99 184467807172607 48 257204226315228 33 228488886767381 52 166405466867557 22 224095569987812 98 288986850545403 6 282718894559069 7 139446383750712 74 535620112226759 24 102425786329989 82 284064992111606 13 348963915488594 8 397985183535891 75 251610125916440 15 262479958668165 1 226612014216603 87 310936586798833 68 357389476375523 96 299150815559130 83 350672158448892 80 264094336383963 49 351740088029192 4 224328040171654 61 400306382052172 58 253534131321051 94 185875079450466 59 225626935802187 30 400385389182716 53 296111594439354 88 334023812693979 36 200233818492237 60 308101525424390 20 261907183061773 90 209218615371338 56 299103200784125 70 338548154639788 84 235833972207001 55 275305141610488 5 262534195007655 16 191306692426244 29 187366878468713 67 273500258479645 12 303471894399126 95 217507536998751 19 120707426174168 26 272611972955994 73 338173011126061 81 244716197799613 27 273874345988268 92 265475074642773 43 220549054287467 86 221689585249060 97 159964080941006 78 248257253945089 41 178643903577387 50 165218643187661 85 282978166673757 79 314860381448177 14 107255152860474 89 284766837815028 76 283347252620938 57 273351764166952 28 133477627431710 37 258210892554724 63 342580574547013 71 256178551852813 23 327207216684234 40 224323001431797 10 301335649756092 64 320990115958557 39
3 43
532911975268904 16 428492078322927 39 455471905425445 16
44812512950972 16 35696365030249 16 87118410882875 16 44913231652562 16 1258185291771 39 33795590635510 39 27396437868470 39 33354578272752 16 64990184877861 39 1 39 37241817788351 16 13878271967239 16 79356790948120 39 49423800079212 39 51455164769680 16 17958793966080 16 16658118948809 16 1 16 29754412973449 39 25602848964029 16 22626091294712 39 39903755216492 16 72296144084200 16 1 39 22411702076485 39 60747779331422 39 63322809235093 39 1 16 16717305166257 16 2812617192177 39 105208068287185 39 56407826161533 39 40458602809054 39 52700984935593 39 26342037737809 16 29163226770177 39 1 16 1707008247837 16 38585689273310 39 64775050503622 16 95831373537787 39 18527231559771 39 14182769774238 39
3 93
7426515474064715 84 7427907773032129 19 7445277406524549 84
206344016067733 19 199747039414354 84 271992722030981 84 220591448565518 89 324290096070892 19 301134316269701 98 217109334698101 98 165391025701096 89 233436145831157 84 257800106889603 84 241955938210965 84 304656050344118 89 295853078877438 98 227950547207785 84 245434925956143 89 293979259166792 98 252369590984367 84 297890035942234 84 307397642919607 19 182376718235908 84 209940815168236 84 213533237762671 98 203085825534596 98 257493254436122 79 250166147147203 19 239405617888127 79 239444895936506 84 252878015611330 19 295684680132135 84 187189365678738 84 276013437734904 19 211972149962917 19 211442267417566 19 201049281226601 84 212894832087875 98 228545194411652 19 203104038030046 19 255062096066535 98 258821977210176 19 254146743628452 84 233586879249000 89 190839409429983 98 253169890965052 84 176857061776933 84 285678085331383 79 193457861727685 79 228645035792946 19 229174009176624 19 277630257023260 84 242622055163676 84 265135902381029 84 229636201003798 84 304465329359078 84 251484251871787 98 254309110980810 89 206946052805834 84 189764496474607 89 325580331509058 19 249452176337407 98 282611993450187 84 220921791135863 79 248703355678283 19 171580102853233 98 255115080538328 98 292785304835931 19 273298217990141 84 249720010325438 84 229415528354912 98 242579152211757 19 258365546933994 84 222118202920724 79 234051506974149 79 218718986729105 84 250080848973290 84 184532195531402 19 126328425093369 79 291207454692087 19 292438984330534 89 307719367024972 84 221871464697935 19 243154365313258 79 236552205556509 89 278214585576164 84 241440323998977 98 239483019036143 98 256218089682970 84 279040186192072 84 218116031803198 98 242105049645560 19 277404437405816 89 309391483821976 98 229652763431358 98 220175002397224 19
3 18
666323722651781 52 631319718613466 73 651798130148727 51
108856820789131 88 57886263154360 14 168016841140734 6 1 13 249790149931903 33 92208863900164 30 2538804691790 83 108532908092183 48 1 56 78612827254722 67 113899276279000 50 120292850570440 9 107930854679797 76 1 97 20054570807523 74 266148350919386 95 259660816872873 40 83828259729631 51
3 24
2094392225492847 20 2086435397597506 84 2132205128458859 20
263264446656851 84 255951292462767 20 255632503650663 20 303674974445043 20 253017752893658 84 256554301557815 20 238000428414578 84 275155353436318 84 284057896777539 84 300808954351734 84 280646349750077 20 266556497807897 20 297715974521114 84 256897104651447 20 289078831087830 84 278681048004058 20 298550018024160 20 248580362796505 20 257813768090344 20 315357758635330 20 276744394376733 84 262367113221655 20 286005832359236 20 289427198824991 20
3 4
61661226337402 87 100843014964906 90 65854116179655 89
146327425132092 90 88549470572600 72 101102903511036 90 165524105759871 87
3 61
2967824284501244 32 2879204289478673 89 2984419144355798 33
102906589063271 57 195316617103318 21 197857983376088 70 137035466927956 35 179311416969325 60 168070002181294 20 184847322122294 83 241343165761114 12 92426127215843 89 191473363457371 33 127253958970511 62 144252061549311 80 67131568844982 71 77237576260778 15 130676162120466 39 124799675874254 85 239902410692984 65 107168154906016 38 1 28 85178191240466 32 39058662643710 47 203192742349971 35 205564839322362 20 136721742585711 89 79332777373829 15 136711958569810 39 195814914788131 85 259088387551132 62 144875904662285 57 183254903529478 83 114378757100475 71 125764363852318 32 134775888457340 80 78994214841201 12 199351245475853 70 161524676836253 33 161374997410133 28 129621745533866 65 165832550470769 21 200662650899972 38 241762489608206 60 66737536715916 47 172958395188712 21 146553572223651 38 273652338938081 57 195863702650436 35 120855187433761 89 158290057832863 65 107052884863620 39 117444424691884 70 216135778328226 15 133406480682958 62 116158221011970 71 199853060024268 60 189106671829883 47 262538700128598 33 129001173074923 83 148993840358095 12 1 20 207555910477468 28 193223272165495 80
3 16
1254937641632118 26 1223972968355698 65 1257880903668616 26
235084052828548 26 236645334738992 65 243109450328477 65 248648385298726 65 265834376246187 65 225453902008132 65 252409269986622 65 213938942632141 65 235052312757948 65 245028157141181 65 242141353660725 65 236734214818445 65 237685718113398 65 214190457860585 65 258214698886893 65 245346572427960 65
3 3
226647734008352 49 225823595607498 48 226292264284468 9
225354426376242 85 227803027685213 85 229651017301089 49
3 85
2467337585263036 60 2497904236896240 82 2421690865591787 58
48130836020434 58 58213228791540 31 47366860853057 25 6917388424106 82 101512185620722 83 208722792915104 60 82334848758518 21 1 42 69805010072045 31 124077865228724 82 90391156234685 58 65030211333138 25 86395657694985 83 49911995886475 60 110226386955998 42 74342718352127 21 91913589034644 31 83178154398743 21 85870782935998 25 7616031652488 82 55133266170745 58 138458983454018 60 51540397505339 83 1299461767809 42 181870146098703 25 151926278585362 83 149961023504533 21 57915978381550 58 144520556695095 31 83026886748294 82 70027758182581 42 13294655832147 60 73782194947951 82 49085516958508 31 54327877102427 25 116257972876812 21 80926288393707 83 55933376549818 42 121125197204732 58 112093414156768 60 58082700602124 21 98369384685783 58 66916585112734 31 103096406049339 60 78031103341119 25 77576120825083 82 146995972791277 83 97267231771509 42 135391261486825 42 85210641510551 25 31210599797691 82 21163367617317 83 71122029095500 21 147741461204191 58 116661918641442 31 72965038022626 60 60360942211810 83 96107812013368 31 29464459893794 60 112666251744095 82 136467606010294 58 149200030385836 21 11708296595346 42 117714615064022 25 45469083750928 82 139044652173537 58 21491965354924 83 38454407534913 60 47335005465980 42 139484582061090 21 122614306474324 31 209128999348586 25 90381012411671 21 62389103868772 25 54569804974357 42 25699060685391 58 21817538665435 31 112124537061116 60 103510881720053 83 123703848195893 82 95843278800146 25 118950810298697 31 28589601468353 58 188746873592653 42 195092395499975 82
3 54
1687539777096953 51 1707900078820736 34 1699853504844212 51
74797250263683 34 86011914373249 34 84643287891472 51 88229529263847 51 79129432167580 34 96820800645063 34 124735399893916 34 88432974271386 51 57904768879612 34 87495987948027 51 98707263325779 51 101731389005282 34 135826158367985 34 85996997749582 34 71892864324018 51 83254403529570 34 109299492970398 51 112098338273334 34 101296818149796 34 109015748307680 34 67944668346021 51 89500425747424 34 78785155224240 34 98322345338165 51 90271696048553 34 96492203281212 51 146559858189259 51 93718604008207 34 101425392061326 34 81952223323149 51 111098082800271 51 102202879734243 34 87036802458982 34 94985716836804 34 74866710891383 34 108411310371949 51 77247497159327 34 55802608865883 34 101087885812624 51 87508831520658 34 79927350989116 51 87875833822801 34 94150461884903 34 84119269271825 34 86647986700523 51 91833753348457 51 67397352749764 34 92831309827238 51 74201594065296 51 119434782994315 34 120215197161577 34 107946773417215 34 117109951173405 34 89643593084811 34
3 62
1546363098865906 42 1423379020604898 67 1432052496383303 39
17677930908657 67 1 67 29749535289407 87 96059754797764 87 18228507937307 87 51980389800302 67 63244188131929 87 99074754754960 87 111905862217251 67 63759615918579 42 89363784473743 39 124611907414805 87 122233889658108 67 28018797552506 42 162270448068301 87 59709580039368 67 25823887620658 67 123647446450183 67 145016581985239 67 119646313357980 71 106825255144048 42 38217394059983 87 41535885027728 67 16980856729182 71 1 42 149038256684237 67 1 87 33584191624572 42 4539181127705 67 1 67 6416861454349 87 34670501830636 67 187686463820390 42 184566406509099 67 48111586593125 67 148860979130395 42 1 87 1 42 1 42 115861774088307 42 63295990232869 42 105564556710159 42 1 67 76404835621159 67 77070618363689 67 240579105432721 42 75917900451160 42 1 87 176601103032949 71 79975701723407 67 158379209156690 71 119518653184953 42 49400373456476 87 1 71 20418371258457 67 1 42 1 67 1 42 14737102065508 87 70645952605077 87 62292342809982 67 64153530048941 67
3 76
88640627574385 74 50830125246088 89 29263051513803 5
57817290344674 95 128616767396456 76 1 86 88716774723108 93 83843840352912 41 35543711270210 62 1006409375348 22 23695335104992 89 72280305730619 19 1 77 27914479871075 45 1 12 17159668604061 27 9654986345780 33 1 10 1 42 18138202362627 24 1 74 1 23 1 13 1 5 38807407260952 48 1 30 1 80 1 18 94007917284662 73 42306288762960 51 1185735993001 87 36730218396080 17 35636118317370 81 1 88 19965456710533 61 72025487146799 47 89029582440418 53 110737235589652 3 62907757120088 82 1 29 1 35 1 67 1 91 1 39 31927882705508 46 1 6 40764285033216 37 1 26 1 57 1 58 1 85 1 44 1 9 89218511718136 31 1 16 1 32 19660411354103 28 16175606203059 83 82785213525447 52 72124726827594 98 58152777072932 64 1 56 1 7 1 75 46640509688756 50 71547732373344 72 28084310788750 1 1 84 24337985215957 60 97389917130940 2 1 40 15793994037778 97 1 25 1 11 1 15 22619771643828 68 53536641230936 55 44926955619806 100 141235222205208 69
3 77
1833163686064683 46 1826694055392722 25 1829229666861121 46
67559895206439 46 79821783932386 25 70271058934510 46 64445726006353 25 68929163958006 46 68424371664293 46 75142066709752 46 72934249491090 46 59325710678443 46 74143586681504 46 69073885160674 46 66372274015306 46 74077914175985 46 69315381357003 25 74093459903875 46 73207265580388 46 71141642209885 46 70906310376440 25 66937522796117 46 69384200104592 46 75221868071266 46 71018745421779 46 68740394269292 25 71346017708321 46 66103739682496 46 77048265947818 46 72997675805583 46 67102795286228 46 66505783952783 46 68705333815224 25 68168083990420 25 71008226533709 46 74411078662783 46 70016624177188 46 66683108003532 46 71382106885389 25 73159447682327 46 76375124789280 46 68016530960383 46 72428879209440 46 70565748120267 46 76077528764561 46 70685824126219 46 70827230127408 46 79598771855222 25 67204184826918 46 69283957469516 46 71571402694675 46 75072157358556 46 68417751462740 25 68011321138290 46 72891426337055 25 70135999935246 46 69760648766996 46 69405311822084 46 72245822575653 46 76424377920855 25 68789847041015 46 68157987587039 46 69420433781261 46 73770403175054 46 68605010587276 46 75727983559660 46 71374051755640 46 70623512363617 46 74407274299102 46 72393399167553 46 69937672882157 46 80708365465530 46 65848283115076 46 69824584992334 46 71205195560729 25 69946884387485 46 72268470380323 46 72808366643477 46 68432588450694 46 72373654222357 46
3 20
227571199661706 94 65794356835078 94 118668874300924 94
119834994605551 78 1 94 1 94 1 94 21763394100975 94 84210751537947 94 146725983983341 78 191494527298731 24 36931926286250 24 12180985757911 78 1 89 57587491107632 78 1 24 1 94 1 78 69458541684324 24 1 94 130922012261063 63 76886239423932 94 16519526587672 78
3 15
1415477944535943 72 1348675495107630 8 1318082970247001 52
305521957566320 72 288938984352054 90 182950060370432 52 235892882037435 65 346863738162006 8 481711577026098 72 337659597418498 65 271306534773997 8 304068562736965 52 343697778746384 90 214711870287722 52 293286269349183 90 219049275854650 65 223961423606639 72 196529384297392 8
3 55
2017601660444350 69 1996494090613833 78 1937277893908576 69
114567789441139 78 30900726161595 78 87123453756578 78 172005025528741 78 112964094345733 69 127712400382854 78 156370707390379 78 60227065815342 78 52560514009883 78 87174471747791 78 139793248795783 78 87308464224157 69 153018140345031 78 104856557982338 78 15874269955766 78 127812429205118 69 40078173243240 78 116190029607206 78 160047463535644 78 121857307258324 78 175703957485506 78 168375180042667 78 206820979443388 78 112717130161385 78 31432969682668 78 85117550885662 78 163657729695020 78 167482538095009 78 154200905349786 78 69556238788172 78 99310313037458 78 86383887195095 78 104939637278205 78 98669983787547 78 112236184957824 78 100237264547116 78 98689237624413 78 32403019899037 78 48559251544117 78 91655020543922 78 104579512713096 78 146854529812994 69 107780049280410 78 83005893117311 78 74650697439223 69 132648722354050 78 107455957832731 78 179076793446459 78 52945515481935 78 1 78 102746707738148 78 52236478455509 78 132703279152227 78 98402782096911 78 146485699194492 78
3 56
2979540731828609 48 3136077900531157 48 3121750163935604 59
340712714795212 48 178399914988962 48 140707557125309 48 116715687680734 21 148441007642196 58 263088295141289 48 130989466423047 48 80058857864405 21 109195785799138 48 67438889803081 58 169700622005185 21 108324742540146 48 129076943230070 54 116716108154971 59 221344352632401 58 156077935732840 54 131899954783765 21 127203040149484 48 214274522470995 48 248832680248096 58 73898989744734 48 49989568058734 58 91210229657910 58 48377734933833 48 135852435526337 58 1 48 156299681071509 58 1 48 95981977650375 21 223724263978052 21 258112625859169 21 1 21 92228054564479 48 89529206406894 48 189136915770296 58 47185153646573 48 151861852681528 58 165824088148291 21 58152274818360 59 118076617596995 54 181823827414046 21 87701134597374 59 184263660634582 21 1 54 289320535168173 21 75208589550467 58 350006108933270 58 251526761983648 21 243277134268696 48 157609288634299 48 78626790945633 58 10124522678313 48 152714847392137 21 82268338280037 21 224459676716155 21 149415424078773 21
3 19
319004816865946 22 323636663088537 25 324617003017196 79
60112515864203 90 36704965996172 86 38955221500855 48 65908453442800 63 23387583518635 42 52233029113872 4 44048087422160 24 23016843215722 89 77797720085746 72 48327991276174 66 73506436391468 30 76262912210289 22 44678669746299 11 48728516732056 31 58500017123813 51 48324942926625 1 59503649307348 91 53832917666004 79 29134815731273 55
3 99
3530300841425055 57 3524190536783893 96 3592318958566533 57
52506488510255 96 167025399609925 57 54931996579661 57 119380175773146 57 38814567353857 57 114342732698937 57 138154362673900 57 102701178705006 96 124746113770429 96 35460532630127 57 110442538389890 96 60007959219459 57 94580600060608 57 137585731001285 57 163139843433300 96 123439890884772 57 23629062843260 57 169736039459373 57 67878138114039 96 82529579790224 57 178148658370948 57 122214599717752 57 111001850386984 57 56497179811137 57 102491885237606 96 65640918441548 57 148234439221736 57 60806741629363 57 35438351539136 57 83374870852774 57 93435976921748 57 84730640230876 57 131326702054289 57 175701885113247 57 117235670292096 57 61069849469562 96 106533589140347 96 175610816858122 57 167168692602630 57 82055858826378 57 100383620815980 57 30370028463989 57 88236075148769 57 121904856146977 57 91852247574116 57 139489236415190 57 55773560835268 57 133414636532120 96 97827440539226 57 107944781042871 57 209087876212856 96 93803851219283 57 48453362476265 57 98149323931732 96 107406850319750 57 49851274387643 96 170811929584279 57 99557083180078 57 21790526571443 57 123943852839274 57 47658149419870 57 188776308412576 57 96449132988080 57 91305859615111 57 1 57 150444929270273 96 136240458996542 57 83130776625145 57 54595793751443 57 104271407249046 57 144116018957643 96 127797205650647 57 140035231787100 57 51095721205306 96 27986695992012 57 95752338656803 96 73109461469195 57 66245049911605 57 14262384994068 57 94436631210359 57 83974873501983 57 161802355366807 57 19118333307750 57 44564268716303 57 123934190146470 57 139972041608996 57 96999355324159 57 68838307351424 57 251298915802498 57 117810734448498 57 158406198781537 57 30840452768633 96 1 57 146745332845946 57 150701989666644 57 115401342046573 57 106323262054365 57 26737209535543 57 75306804404787 57
3 49
2243964464465916 94 2254308564796759 68 2245917852091595 94
127684088053989 68 126725869319931 94 152306718050889 68 132537496341302 49 133382349895698 94 134276367723751 68 135112754457552 68 116623318907681 43 126423054451537 68 150376324051496 41 132157819935693 68 150399264945798 94 126362614921706 68 131531926793680 94 153031921291520 49 140170598672108 41 139728652392119 68 138252747993325 68 131773024719615 68 111703909619158 68 145678872711814 43 145190526555939 94 129367559213981 49 144974082034667 94 138651694115942 94 149955366551821 68 128517024482748 68 144034363150247 94 123399291591113 94 147577273982057 68 141728928288556 94 140025657927220 68 117884803571374 68 142065358562657 68 152728371950149 49 132255375019132 68 124508464821193 43 139769259373917 43 154418431361125 94 179426122261129 94 147951345458397 68 128897921405237 68 136603228576841 94 156685699004983 68 135361177684740 43 147944564572305 68 140897051095472 68 133883387949166 94 161092368202059 43
3 43
2525469049951714 28 2531202142586940 29 2528218854622824 89
199694270474122 3 186126367017582 18 177874984664458 58 181673712435857 84 186876329743507 12 180399967676826 89 167920878361042 36 179406865291233 1 167541900449991 94 189214643477983 86 173380013802262 42 170539507746455 39 149899484544506 44 179754194198911 54 161011701192340 66 171395611771291 27 184976262203218 19 188560661172731 65 178115059656234 51 195816080540889 72 162004490744259 71 190049087916465 93 200885962708143 81 160727545363888 9 179309334992274 43 208797339320970 83 168757819781441 67 177929331630020 28 179049153472433 88 169511418836635 17 168940204552610 50 180219270321437 49 177662285258410 99 168266345802899 47 169346473977677 22 177264086214376 45 200751513370187 85 158627227649870 87 175732588769178 64 183331951349930 40 177246328115046 61 174285818497796 6 148458189237668 52
3 25
948138892274103 25 892679090461071 17 910158075656886 25
218091406538521 25 125178722390492 17 168168245323678 17 65837077705006 17 75123327530010 25 58355615233774 17 82439836148346 17 33419997745392 17 106603246167441 25 67276743059569 17 63138206568327 17 91426092678289 25 144388670363133 25 96756274282714 17 34056568895160 25 86281492074643 17 73657962242932 17 187466523560969 25 23840538271483 17 103063238941531 25 111609321016236 25 92319049603169 25 146638912893419 25 114494945801259 17 33966508247946 25
3 58
1553877086151917 35 1526351709209408 76 1415927137728658 4
133970327002835 4 92502558746990 4 187692483997145 4 67475044709920 76 41594868288340 92 70326755535217 76 101362556707171 97 81441973267365 76 96387802727036 35 12434365556266 4 27476350220689 92 86435176616760 76 101662648493305 4 46853558545094 76 66972314361117 76 21107612857263 76 74362100389300 35 57372272829140 76 107030366189379 76 9668453160656 76 55175022346028 76 49396000373573 76 84140728373595 76 102545261299212 97 47260804348563 35 65546117486730 76 87350563327688 92 113226410378988 76 147705969075654 92 91796081234402 35 102099036142528 97 72772692041652 35 76621357772822 97 129521378171918 76 96245489058473 4 95954296933782 35 81374487698105 92 77895198034363 97 99845702191563 35 76659196928195 35 106631127523651 4 72826021040939 76 64393114753541 76 1 76 1 97 1 4 85940321541378 76 26599617192511 97 84058294266100 35 98553080542635 35 142466529073322 76 111869995373763 97 54201062920984 97 109658482023096 76 6276544723040 4 103963893297440 4 121036141408885 35 78979618144845 4
3 33
957302429674259 7 982488212889280 49 958652496277092 46
85469045682363 76 88846424190641 7 71635685669734 4 63913005290036 49 90214429483041 40 83280579691558 56 95455516418236 77 76368251270551 93 80239048058465 12 88357600010961 82 85190314766145 46 87965213553853 21 73811993945001 68 96339339410893 1 88123409477640 39 89132641491839 57 85942310328291 4 67300191996925 76 81007209990602 57 81433420171207 40 84697406195323 82 82771992833016 21 97416592840906 12 70648483773083 56 84205226598522 7 69838862303398 39 95955668590172 1 91997820097862 93 76351965714304 46 85728786426978 68 87066436897294 49 96696698711592 77 72868294075517 1
3 24
1332847817345443 42 1443971676615124 27 1285538033036812 42
62776961468199 42 273666093157346 42 1 27 101723299736689 42 364547605025675 42 98097685267285 42 74526339439547 27 83978635921127 27 8304527413419 42 154702469098198 42 91738418701448 27 312074891445497 27 271640571844392 42 470367885657017 42 241889605490678 42 156547590497083 42 103784527921472 42 26318245062372 42 96755884442093 42 185990916101237 42 27385272333855 42 156231359169336 42 53515299798158 42 84785832362701 42
3 12
67086620133121 43 78098987918396 59 156042014469029 73
63112112429103 73 1 73 1 43 1 43 97445700214048 73 17356975862137 43 1 43 51887391676359 43 1 73 76440180991291 43 11497225283031 73 136814906746887 43
3 80
6235235203295103 83 6212608075926743 12 6207690961377995 16
241959566478027 43 222390838892174 67 293791137856625 68 246223413409135 61 246729670983032 63 309057882557085 87 187722707332523 92 192042703457786 71 196143988864016 16 323938180118992 14 251046699480506 76 193036875495647 82 262626035720564 62 164491573260535 57 166335857850035 52 222436968349800 75 358773585241280 12 187619499298201 83 279080116366388 95 268182257611743 98 214274895983456 50 291539113738070 44 260982560891097 85 261776962892820 24 239127560500209 66 216564336302787 15 307822091575353 66 210539468109804 14 225859907444595 24 242978748060685 43 260907194408955 61 195075675886910 67 175407226294979 75 281030729474371 57 254207605422905 44 300008439752064 95 191887865787732 62 227048344532571 82 267137497263077 12 165608069192957 85 322497140018812 98 182003228197257 52 191127047475710 92 341140410261634 87 173678147604944 83 406557585771856 15 192413147067583 50 278879819409204 16 183049036371302 76 198395664571850 68 348737162071370 71 149213500307804 63 199239736175762 16 219072524684169 76 195703773970824 43 235758729846080 87 186679322947270 15 195360533578676 71 307102014406937 57 249118740023434 75 135849484792937 24 208668894783747 98 162326614851675 44 174389840462984 63 307316002904397 82 349355158324161 67 211749831142739 14 217964406719271 83 186692983111474 12 317527000373131 92 256680976438107 85 267086036613339 68 198934416599828 52 232050217485691 66 134314520392721 61 254362766920896 62 275443396782160 50 326425342548939 95 284299708254716 95 123248344336327 66
3 72
6900253584997560 28 6912845975015304 4 6905193092498142 28
286794382155961 28 278278704652464 28 280253385838999 28 288974287440649 4 295025483385465 28 274986245337923 28 296641632647173 28 287384221100245 28 286464053296645 28 284203702492514 28 283402718510284 28 304551689835123 28 294043740831413 28 276653954361209 28 298100759172235 28 303266371635846 28 275720428840251 4 281745745755896 28 289847933539498 28 296337876756692 28 301635527298669 28 304874547413878 28 303811715583334 28 300838827453534 28 287570756606850 4 279717048057916 28 278224038938068 28 273915086834025 28 302804674266540 28 292433940552776 28 301529285045302 28 286348620394611 28 292747376372084 28 282962918300621 28 294950274215694 28 283827087872524 28 286363780129697 28 287609957690196 28 310329316637767 28 292714998900469 28 305424341306232 28 282176855359161 28 289112835837589 28 275961365256636 28 293248504319785 28 290188961832135 28 282179648254224 28 287457094447005 28 294795835083695 28 282353327730141 28 294493378812023 28 300968133508981 28 291918304991574 28 283304184686589 28 288473308711911 28 288747764083056 28 282315778544261 28 294386214929323 28 304250756454009 28 306688495030470 28 260235994041863 28 295183039099344 28 287930365784474 28 280299130413968 4 292002691193926 28 292489688177702 28 286873779992129 28 282083917664233 28 288343901801639 28 280940441850785 28 283889675954050 28 292946959643118 28
3 86
7567644687579272 44 7553675790676491 58 7573544017081973 58
234474513074543 12 260009482102838 44 330501356134739 44 250797701427018 44 255707084094417 12 215053558350899 44 145527830124098 44 301823090457529 58 299144136613938 70 310932054913899 44 210200924801608 44 250406706025164 70 227979343096353 44 188820211150015 12 194517947387577 76 273109790877717 44 289570275429509 58 229690798516670 76 276447856106851 44 235843191433845 70 318729764064183 44 272488140085179 44 280051348689058 12 188141158248025 76 320287049718627 44 225855264958625 58 349521083770684 58 303453833580807 12 287563604450309 58 182040472711712 58 260279174975364 12 356190948326390 58 327004347578584 58 298978416498417 44 168338225093635 58 148165866630273 44 319462010810132 70 267324485661782 70 305768389959022 76 195309396673113 58 197998494767445 58 312028620693429 44 323625929684647 70 201787044788948 12 297553918857628 58 295402874897910 44 142111787647348 58 295048051397742 58 208766476471589 76 255577669139767 58 263669196834493 58 179007804288501 44 235223063305148 58 304759103038629 76 275181034400432 12 247533952181361 44 264138106294169 76 225206227269968 12 251303570460408 58 229832066900407 12 234788369490471 76 375191207067196 58 274087062264726 58 249637479176530 76 234396815199434 58 411508046528624 76 226645728476962 12 211418062204666 58 246762784831747 44 244412704681273 76 204811508925356 58 251476649026024 70 251275364919935 58 171814983692690 58 200721111594447 58 261501329434598 58 265806316667337 12 202645583374021 58 234308514977326 44 246603117501990 70 247915452214991 44 329637139459635 58 158939605792709 44 296675227937182 44 305567935068796 12 194804493499511 58
3 95
5162116030474854 57 5017039582648160 67 5060721392811042 78
162554291093198 5 116712141745027 21 128636491159368 62 211368304113801 31 175043099839782 48 208478715370935 37 177838758365653 88 149443419834845 35 235183465783734 47 178826058285020 96 156685830973954 15 163097020025422 72 167441903567728 80 200839788255170 17 146182040366091 52 151647462898358 14 183903921567496 4 153402024119500 100 61912170604423 94 154988561244260 45 129776078853636 16 138916946862275 83 180893553881542 58 213116207575006 57 217537899062233 3 120309046893369 53 206897917421762 23 140765894728457 67 94907675704013 12 88328104653634 97 163143445246852 74 172501925462057 92 102632060306982 63 200297970685576 32 203232869465762 78 129255620390855 10 147817767472510 87 53445246318712 67 216885417140976 62 173345308592034 15 256790484559306 96 174034604093709 5 113108886858122 87 138464514823328 32 58563180838262 52 174532123368454 63 291944756765136 16 124018951584675 31 181381914971425 94 285794646484445 12 114430967661692 48 146175021849039 57 178774751346112 92 148215412560676 45 120698914952948 100 187941466778276 80 167933976745266 17 91883275359588 10 140991968896459 78 174017030009854 35 174969331034552 72 172770558054179 23 146475983546947 58 59479977392888 47 123843423019052 4 197789535583610 88 103849229962101 53 129743213385477 14 229678983740472 37 165428292713526 74 142579308689648 97 192155000926426 21 158386374609983 3 254885337475801 83 23615312989295 74 164756982647892 53 105906073711004 97 138372738018269 62 215042698795054 88 83969553551858 4 175034292657536 72 197747246198694 14 99008564050592 17 172861274158353 58 88329227984689 92 94484912118189 47 193112101999442 35 194895711130039 67 92634825931379 80 233323723323810 78 194583360335560 37 154182681186697 45 125491275024315 32 85068771873361 57 161174613526251 21
3 32
2685104481636968 11 2600037516708715 66 2677417327455957 11
251151393048297 11 404229877263511 66 360648357355512 11 127613947580154 11 181744816243030 11 254475028235388 66 178617407733191 66 251292916731464 11 228607433505420 66 292020145248961 11 318368015041311 11 256069399864426 66 346184387206436 11 210487271203461 11 228180074130416 66 218880241728893 11 157278634798454 11 248144946858604 11 174380446786294 11 335292864398129 66 206025388922377 11 248043569087047 11 172110461554197 11 243112573792965 11 265766277654884 11 256514831640081 66 146270722548401 11 219592145978070 66 252682739152112 11 347524461701988 66 130762873554743 11 201986046419659 11
3 76
1086686539490315 57 1090023470492434 57 1129010518112166 58
93681834497876 86 36634695350304 65 31786027452850 58 27009954657171 86 14975014339775 57 51230673329129 58 54143140612653 58 60842563910908 58 72786394140139 58 59257382564626 57 1 36 64754536181157 57 1 86 80982869864461 65 40014450001181 36 41653597137028 57 25909475333648 65 53373764432660 57 50164884544861 86 66032617188505 65 108650412608141 65 16487251119637 65 30053215201639 58 73998500027434 65 1 36 2552913096147 65 1 57 64114126540824 86 78380723705396 57 68864115080331 36 42180521317080 86 31365709227112 57 486957092296 57 1 36 6538643394074 57 43502297129513 58 106088233918788 58 1 86 26417076183509 57 74119979688750 57 22369108532005 58 32435074139769 86 94182752028657 57 98146929202797 65 106342220934266 86 46790192888940 86 38871513966508 57 37022606794215 58 42193295868973 65 67040377512433 86 32104557469410 57 97699620562834 57 38915291898796 86 37178529805526 65 88662620150576 57 46840458158519 57 60642180672011 65 42609468151995 86 48817293398666 58 35005099526022 57 66750621232083 65 54535616018318 65 28970289558064 57 61836315915954 65 78411702481401 65 36087599908721 57 4238506202703 86 42984257242130 65 53268088721654 65 4534199136557 57 22439767286071 65 58445401093971 57 51819760884236 57 10721479539926 65 43762990100381 65 23796877013437 86
3 71
261139442686075 95 150565612949968 37 219530562542393 43
86499435469517 43 45805425415399 59 19635377160080 90 1 64 21025037059658 10 1 19 1 83 1 9 1 51 1 57 20766648066225 75 18148004988622 35 20825261518235 2 1 84 39430504948335 24 34424844275260 49 137988652356064 37 1 72 1 95 6483656185905 93 41156812560862 20 99425003157273 63 1 41 1 68 1 65 80917750806284 61 1 98 1 87 1 36 14334328857105 6 1 39 1 91 39844269221662 85 1 27 24643114090354 56 1 14 1 45 1 23 48857562983720 26 1 33 1 42 1 44 95248463156427 16 33008332323443 38 76436666601528 3 1 4 129614769397315 88 81898822215455 7 1 47 1 13 47628296917890 17 49210686428688 52 21352388748829 70 1 31 1 60 43002657988759 35 43035933847496 42 189305313226004 2 111830456442233 39 1 63 1 10 40926649938847 17 1 19 25269742244017 7 1017394875531 88 1 56 3719531752473 24 1 90 94360116278082 3 35556882434042 43 1 6
3 54
1226511746791155 19 1201707772171834 96 1251198146241198 19
9396373261316 96 6199398484039 19 31575233187614 96 107791551884637 96 114498860384271 96 9645165389223 19 829195517076 96 90414202154652 19 51760864266293 19 135256255639260 19 18508876461700 96 70104993126932 19 126697739865410 19 75507103040077 19 72649232370760 19 97783658004859 96 25367568122953 19 66951606569411 19 72974980320304 19 72992792500156 96 82762415196208 19 25498444507257 19 83521072155541 19 76206763053611 19 49121808521509 96 20535688684798 19 83028513393996 96 79385611114098 19 26282613048879 96 52707768535640 96 110666930939852 19 24155894264543 19 43033770139476 19 85928539130471 19 107698120937798 96 28773252725819 19 84591248015289 96 58181178699884 19 19999739833000 19 87758602466931 96 12737672771352 19 123941063960183 19 89941439332077 19 52806293658386 19 96688627296918 19 75736288284349 96 54960912298994 19 98912848877147 19 56668331768333 96 25934185407157 96 56816332425407 96 93879859962262 19 124738431336451 96 128600923084063 19
3 31
927988382678726 89 1007311281260395 95 844932623413459 95
1 90 128021659186254 90 103560249927971 90 51961969916060 89 51366945813497 40 105514064646890 90 80733979728294 90 180309249474768 89 1 95 88546986669950 95 26763306888312 90 1 89 171565192234687 40 1 90 237676960761247 90 1 95 56636799504920 89 114196827812007 95 79364482646560 40 103497835168099 90 186348583981788 95 24692500150615 90 85815236676826 90 52280989311870 90 16675848155312 89 170613004094220 90 1 90 1 90 28963011417064 95 51412115664740 40 164407536140786 90
3 68
127572418886172 1 118640997625887 14 113924818463891 74
13216026023647 91 8166533851866 62 10925074159458 89 4603591032632 60 2639208985862 83 6013128646245 80 6741872707834 54 4784102736194 93 3044708764284 9 8532147193706 66 1 86 1 28 2199166902310 1 645250595635 40 13131288379193 14 13974958930154 74 1498618070535 59 7333483163966 95 602014462230 39 5100744826618 48 1 60 9209906825708 86 6295119838661 40 156893477662 28 7605362056867 1 13621667778823 95 2401445413092 80 6458556998944 59 7553228548223 93 5305276651438 14 7341206519199 74 1 54 1 89 10037444889523 62 10587120278876 9 21574738022077 48 13491134292701 66 4815929639580 91 1 83 13264154749960 39 3756479238836 28 10339088557462 59 3118775858623 89 1 66 14960676121057 62 1 93 5599101929283 40 14470279461550 95 3390740348064 48 3379602275402 1 17126587591951 91 6914968120089 80 5923339957153 9 17466126489314 54 7078551809076 83 851857751686 39 1 74 9058577223234 14 1 86 12314641895374 60 1959992091030 91 1 86 11441824698936 80 6562672426026 93 2690599632831 40 1 95 3486788118670 39 1 48
3 78
3453080807514532 88 3450312299028244 63 3444525069300162 88
131567731086460 88 127339975410128 88 131948092092256 88 136598780324234 63 134048812605799 63 131266021710875 88 133539779677270 88 133060771643699 88 129799395756752 88 129378889527065 88 123947156320217 88 136772365915762 88 134479144530436 63 130495358726462 88 134597940465353 88 133791031292347 88 134875090748998 88 128773108907770 88 136440099689280 88 135411999988599 88 132437411253929 63 130641949812795 63 121910333448209 88 131888875134601 63 134059671528000 63 130722551408848 88 134398469925713 88 136871708017958 63 131371552922498 88 137894495992065 63 132357211717557 88 131461213695595 63 134130147770233 88 135904783536751 63 130604360628054 88 130501787042556 88 138409213658195 63 136144009261430 88 131557837699962 63 138018010590346 88 130739462132000 88 132563974028297 88 132922767122418 88 139071669087404 88 131560834230561 88 135296440917340 88 138299480673246 63 134132848466715 88 137775378299560 63 131931844277528 88 130290477919436 63 129547450039611 88 133090360769061 63 126849424279213 88 124437516265605 63 134099464204609 63 130963534491385 88 130047537355369 88 141350544283735 88 136977999320010 88 132913978179200 88 133212078854104 88 138058290068603 88 128416544792451 88 133947982156100 88 138025625731344 88 139871781825258 88 134812620701047 88 132583490306865 88 137964333020165 88 132887994540889 88 139819082076171 63 132065774068599 88 137203733861255 88 134406805826802 88 133597884857445 88 131264524020081 88 131445981761365 88
3 98
526675632467455 18 528106489154844 29 525705228146269 4
15479436432028 29 16378632509676 18 16671553684167 18 15851582756547 90 13236692153852 18 16410583237055 29 15765332289842 18 17121704696438 18 15782946217134 29 15562552460714 18 16024521692015 18 13674094507064 85 12310947399349 85 16574118716593 85 11855763091233 18 16517589535364 29 13848875532912 29 13753264622724 18 14049581395923 90 16821133500641 18 16048766780986 18 15043002942706 29 18321699900488 18 14395219918558 4 17593942649774 18 13523809056948 90 15700780422948 18 14079619536743 18 16152012001469 85 14517913514734 18 16103839114978 90 17563195740020 85 14153389499088 18 14232538108006 85 14999695896489 18 16080897542548 90 17298817918283 18 15957510169055 18 17633314197566 29 17185291921652 4 12708550224479 18 16888039076057 18 15559904264348 29 16701124984649 29 15185155019322 18 14413367206234 18 12306300044887 18 15181978708675 90 19290524680907 18 16314768718936 90 17363369752442 29 14537071669926 29 16098525602532 29 17975884443935 29 17533750917896 90 15563025525985 29 13570906217905 4 16251902134862 90 15919161571615 29 17093211135894 29 17388358845806 18 15947811050104 85 15242168325035 29 16871058927066 4 16872241440996 18 18945272991767 18 18310075519129 18 16762220760760 4 16736600769248 4 15798152223508 29 17351084331545 18 15064979694731 18 17351123356320 29 18489472877220 18 14687339253619 85 12316072993308 29 17084581951188 85 15231029260555 18 17310214313141 29 13051125999596 29 16179732181841 29 15776787603640 18 18108343705889 18 18516818684331 90 17312077926214 18 17660877011602 18 18579417694020 90 15061609463256 18 16581237084101 29 14785515939377 29 17608634418637 18 15551344809871 18 12936781864808 29 16994485156256 18 13303047748652 18 15992062573896 29 16429741048328 4 13521751134064 18
3 24
1694195764169881 59 1699760390589025 10 1703496616346319 12
145053498224041 16 269071912894953 70 200942329950921 52 288697119651362 46 225383591878206 94 161812247615519 18 189254620019708 59 142549690191013 10 322324092259868 41 247335316706093 69 307900545446606 95 272107567952239 17 227271719664314 54 252125660804580 12 230555176522257 23 103254144659617 65 187493436988952 66 181985432852992 54 245090899819354 52 264599112658641 95 298027168197435 46 204439444047778 69 180205898096251 10 242500175062762 66
3 38
399066050295018 22 444214812921217 33 381664243567225 22
50700558044619 22 122570772885647 22 86586702802215 22 19258469936519 33 50941386414602 22 69259190800659 22 14674178195820 22 1 22 19968961965548 22 60219844747534 22 101902789566292 22 15348941419579 22 33678776350566 22 69070312369102 22 175639712535971 22 1 33 119576537919536 22 74526943180500 22 58424769095554 22 75713985903377 33 1 22 1613232511852 22 1 22 1 22 116459849499814 22 1 22 52590630776264 22 1 22 7047655887581 22 1 22 50691097180647 22 1 22 143336129789194 22 27211487123558 22 190662613112861 22 72751066262225 22 206157257232526 22 5496856186608 22
3 83
5935643631819365 21 5954701235012953 56 5970894548853923 56
179342259632902 34 223762093579954 21 265565885709773 21 194174737720846 56 194861078253603 74 207995820562339 21 242229606741015 74 191490415639673 21 215452558649380 52 200256661595139 74 192568522256132 34 262408488177075 56 181728393430872 21 219930423726506 56 214162045763219 34 173080577016757 34 297809158764158 34 216402642870675 56 189270491098025 56 243335670682150 34 221465562256453 34 167950408062691 52 256150190865209 34 246515897192458 34 209288391814282 21 181783246558988 52 193356627004600 74 224393145653648 56 199230197173608 34 204154025080728 52 230092298995120 74 218740067874142 74 243424479414702 34 199772447257001 56 257030640541724 34 246684473365276 52 160945468279625 34 229795935869235 56 185134680680271 34 209225370774962 74 235711399339270 52 220071288979300 34 192745898737422 52 201874245443979 52 180660884163641 56 199147900095015 34 230451610456852 34 262144833026276 74 185381437472805 56 216631161006767 52 189807692598963 21 235279869866322 34 166665400524314 56 223799749205160 21 192114855393243 34 219964188241223 21 235612620483761 34 216792348469771 74 223772034895139 34 218522618653731 74 198722714421041 21 222147940210989 34 201790682322240 34 207785998997442 34 252964262939043 56 207293906139274 56 175310657135941 56 203153548866299 56 183576010836027 34 228736903002320 21 236125821214857 56 229005620030909 52 237644376760825 74 260555264261734 56 193421671003944 56 266058940045090 56 184551053402336 74 236006437545903 21 217830933264773 21 245341610551384 34 226570106613913 56 211021427193195 56 224331449621963 56
3 86
5052535360248775 12 4946422514167248 96 4906162607081152 30
249762682533233 30 170959543212077 77 198743608581009 17 291003221493908 12 172821396237044 1 161683906314437 18 280437910779733 46 107931964185805 31 142483962315045 82 128402560399787 81 197633602531378 96 166415473584987 77 202211737300054 17 147487307820636 30 277906274572483 46 322956632449908 1 169068832802378 12 86683919662734 81 152635392333006 18 231079860093200 31 266458814109803 82 238223745374709 96 208835925783388 17 226386757525309 18 171501015504289 1 194802665951214 96 145896355842220 82 108628620915402 81 92533666786162 31 180532560256932 77 184607922492498 12 330252317379064 46 196606391337834 30 140864516605007 1 181122653524774 77 154906008511062 82 236213968164033 30 196238614444586 31 173605565852377 96 112673609849752 81 100979299344470 17 88363683290044 12 205643244595092 46 144597369759326 18 234950644588850 81 146644464554124 46 251920659211809 30 102951185710572 12 305439693493265 96 118840072539134 18 148942265577172 17 176473838143114 31 146068060965499 77 130672743659593 1 128473692222703 82 91745321189235 81 60256532923679 77 230510458392873 82 198628984167954 31 180159932784692 18 139924061751192 96 292304172964155 12 109850591217373 17 149354091853782 1 121269366654859 30 26656600660039 46 148342935848605 17 111817775429009 12 246732718368631 81 181676402042025 96 258452815193088 31 123911383402180 1 207867182350521 18 81964638149015 46 90503846648620 30 145167884086598 82 253720673160916 77 181795100083834 77 220919764190228 46 204808832839501 96 192397303688832 17 136697357512227 1 125731470001649 31 146485146718912 82 256567756925861 81 158347556418191 18
3 29
2036196402408333 91 2110789755080628 19 2098752672164724 91
197496347044015 19 190119348201880 19 200778223618655 19 251972604343924 19 205099022541529 19 169011122157406 91 204732983812472 19 169644391310800 91 201248228692851 19 271364349957394 19 202422489162639 91 162522333258295 91 217551890393787 19 206539842529728 91 187987334119521 19 161113642654740 19 255565807481446 19 212662008501227 19 181347395647390 91 197019670504014 19 202038221420603 19 291424567525378 19 187137808153827 19 191041742164270 19 220489340742368 91 218029252970361 91 234384532661800 19 185215228104917 91 247842195678292 91
3 28
1286274629507056 79 1347216403709376 79 1422243072609376 79
170673941957648 56 43785258383816 56 62837168059074 56 64936540858561 56 127817260995314 41 37969428374935 79 207078162559890 37 159346608580539 37 146466944216028 37 202977015514670 79 24180238629678 44 143524609821827 79 176689013758427 37 159555142538474 79 64579420256140 41 144331906690603 79 189334570899451 56 153097553934430 79 150644515214049 41 69388749671703 79 43290159511136 56 180235641582199 79 175054395580623 79 128618602912472 79 201499082174995 41 190346057764456 37 240593389827935 79 45349886598616 44
3 73
171073565154474 31 260989066208332 93 175187220790706 78
1 66 1 73 1 29 20555115937343 86 61661283947772 14 73328336519628 98 60877933204482 79 8593326961417 25 99533295659490 60 1 28 53470121399020 97 86752311047505 80 1 59 3545967331768 15 68330244422801 95 31909049261495 31 1 34 1 63 174999466273774 7 163875835939623 71 50591020392053 82 1 84 1 75 63332564378899 33 58880094013785 51 1 5 1 8 3275950399201 96 1 32 1 72 1 49 1 93 1 1 19937822772905 40 1 38 1 42 1 91 5141616492952 17 81544182767460 67 14174495277787 92 30740573378359 3 1 26 9439146418953 48 24603822890321 89 3066126002475 43 1 24 32412635247230 20 23625820871541 77 45806653359404 10 25277366835671 55 1 23 1 13 1 85 1 4 20314403729093 81 75906066589221 88 14313295112107 12 1 44 1 99 86866663290676 64 13866618248448 39 1 16 1 78 93849490499314 56 11349034625107 50 16578264923937 70 103821907487679 76 1 9 12450522635474 74 1 54 147236708584337 57 1 62 1 47
3 76
4336858554902047 97 4320240339523504 77 4282420489686046 97
235788627144276 77 171955040762587 77 76345330837299 77 185646149695370 77 142177315205047 77 175417311968236 77 119765338227287 97 189775444519627 77 180460512992269 77 83932155414423 77 151539379837495 97 60716487048416 77 97727482902446 77 127693820289264 77 198018770713748 77 192440943876125 77 108106730990344 77 46830582931592 77 261672562054220 77 235701152869568 97 57695005309309 77 247937850757976 97 226078083242109 97 150056523931511 97 114357497859175 77 58982889141007 97 187450253461177 77 178606366931543 77 196677538461626 77 152819194412138 77 95098308225874 77 140005641550585 97 278937838626163 97 206945325737318 97 147495335687175 97 188979631237113 97 200137668449370 97 231302707097990 97 150541916567931 77 128410664448789 97 229793313139012 97 96657308772313 77 299866718702356 97 289887377560425 77 113103231304479 97 131317706536337 77 284574343143931 97 264270708227124 97 50217100000462 77 237563840660187 77 120545726687289 97 132528103978765 77 177446005809925 97 218633316162081 77 153579498611597 77 144628778128264 97 74298172499340 97 211339088796478 97 240375049893299 97 175807881106591 77 273621345950075 97 197889313545801 97 134961168004884 77 192006950042009 77 229449161789258 77 127631354061079 97 141777936499756 77 81022964702527 77 104716341805551 77 223999931440872 77 212135784146608 77 144937725930125 97 212150910900548 77 200160932773883 77 193995744864034 77 160848019401445 97
3 38
1797338167827117 10 1802376616088096 21 1783866785985178 42
205071346590002 72 91114082474636 42 63585279797303 72 184580355394586 42 42731264160086 42 1 21 226751808236716 72 1 10 171789031506990 42 199925369369614 42 184400748951726 10 17493573948639 10 82254210172712 21 165122890538950 10 197001000797906 21 248713067827343 10 252227815483877 42 139033882904847 21 167270422440458 21 43245894493233 21 355524997860209 42 368192557523028 21 159932936234309 72 228049894679994 10 153065196722164 10 158572958145760 93 280066615942052 10 261615135289691 42 118647533874713 72 67823118011093 72 67775066309833 21 84048513857077 10 128911816404076 10 6937965796713 21 181787085343581 21 1 42 225357554766386 21 46495136324994 42
3 5
246521655353300 92 249767459809060 26 262953217552604 47
148474411921583 84 159552545796812 6 153137992027915 43 155825559451570 47 158857103359058 92
3 91
1417470579556982 75 1445015104410922 77 1419252657374055 75
35185134511514 75 38315126068044 77 17341536112738 77 56307749008298 75 21793926134041 77 28014438462750 75 39514904618616 77 64328585451606 77 42153108618357 77 47378117893776 75 66865687338064 77 40341819508821 77 47482393513439 75 47346557013769 75 38750437000516 77 53106910823719 77 30802347594511 75 48357241429732 75 48775456995931 77 55104386341407 75 53802130130864 77 27082367033120 75 48058726134082 77 44564461561163 77 53010903431896 77 25889210833672 77 31156281613877 75 27305988552976 77 53558599689745 75 45261583753725 75 56740021047928 75 55322750526890 77 1 77 38794809759096 75 58010085133886 75 49496107301120 75 50215785089167 77 20294994142480 75 52120081084604 77 33556222635176 77 51524126459063 77 39480183514495 77 85740742912710 75 75622736416657 75 48651341585230 77 30034274825247 75 72502121769404 75 82063764387053 75 48280601208552 77 34675562790129 75 45912690374608 77 44210247940084 75 58586104105430 77 28633792451735 75 50760255047977 77 41154309609242 77 41960356186283 77 75859961300688 77 31437302560942 77 40716178784196 77 72051242434710 77 89022550125420 77 26245219329031 75 45198439196555 77 50097334508012 75 41844602450615 75 47702775665208 77 51016909983348 75 52911117648805 75 76026174009202 75 56084189120850 77 55747199145391 75 54770216215389 77 64393308555143 75 22233668990375 77 70549844239193 75 78209407247985 75 45138450667482 75 63232507698503 75 25153051719007 77 58217045893237 77 65318302898391 77 16482252593189 77 48315018790617 75 54759239505317 77 50718015811371 77 53993984776683 77 59077417417616 75 36108876811025 77 77503768390040 75 48513527438687 75
3 72
6491414755757390 88 6433458783976480 33 6412908058609964 13
172488167023379 33 137768982401689 88 283918079779923 91 253188453648309 13 278582563658430 91 75936419299265 91 412729478503831 13 239503455937224 33 356826674884793 91 135095126856213 91 114884119924375 33 221055828525688 13 143294669440174 67 407380439397782 91 267337771694996 88 306728146853279 33 271794867903664 13 389433411102906 91 296566000747129 13 277533031395683 33 291223976576564 13 258971533984728 13 176642876579432 67 159631558041584 13 243601162804448 13 310847908703370 33 289945694969506 33 287552508155901 33 265253007721662 13 312650067331207 88 237264217387148 67 336605922591003 33 149129009581487 33 247379527409591 88 68015590392905 13 357669416550248 13 313924152488141 67 285995250214963 33 257351378685803 33 351173271796647 67 305600740745748 91 274181130987255 88 203259867003455 33 245344541306296 33 186341452306990 13 231473713441515 33 318783526579794 33 265114520223556 13 122133394428620 33 214757025551560 33 362769406769381 67 297832964490030 33 247183603512981 33 362574271012949 67 339775713300920 13 293603392215984 88 334816334208667 13 102630694126850 67 269854749710648 33 337979051956044 13 407281906148807 67 383949600017268 91 211453129136540 13 243427447174415 33 333759169155082 67 194309522940214 33 196753202253452 33 194127819598477 67 142956864846881 91 258146230171888 67 560458565846733 33 157011167770286 13
3 99
868577970221637 94 853481315056255 65 860609277173433 19
23622618066967 75 26629999146024 68 19964240721912 73 16552085971159 89 25101902549971 64 27344813806980 8 40170141578136 69 33901870626207 6 25495879732239 76 18561896493500 67 18759903942904 59 18950289654991 32 34444772936432 24 27275662875375 21 32747655541826 9 19746298999810 49 13793814842337 82 18759039909055 19 33458277743012 33 29588542308987 29 13812397603701 95 22820662242024 18 11750501394090 92 6946107722649 20 26334966693659 81 26522077049572 35 22052118292477 70 19391080888694 53 22937673005258 74 14531457788422 42 26791914610602 39 27600196749275 45 22628006105601 41 19483753834637 3 25851303065992 48 22582847477123 79 29214255077738 93 42584312354493 43 37124972875057 97 28701184409558 2 33251938685104 80 40444338062469 94 40518364902571 90 11174825689282 14 27333418817019 44 27997878808650 15 21114368570340 34 10535652258448 23 24582606352379 31 10924211675772 25 15110676965270 65 24487609058623 99 27593705923488 41 31172647288903 97 8992293440987 14 23915774676395 43 31264132577526 53 29334194544889 24 11312490843345 29 38930322731916 67 18337891593754 33 22027938399141 59 19527526807248 15 37342500715098 94 24984739893083 19 27595076344577 39 18092323480833 42 16317679648109 99 30169464441237 64 35353375312770 74 25390490560300 2 23935236880147 21 24776645626743 70 38086501509562 34 38845241808037 79 34074124546444 9 19827896512596 75 23801147259810 95 39762396243934 92 28212986133364 82 30381133597928 44 28186085008116 65 30014972119572 49 23396638939777 32 28716190033682 81 36334091121472 69 27840784794567 80 27387810815114 3 14792729587767 73 34738875120954 76 31229422330074 25 27280978914213 8 30003585597984 31 38872211781719 6 16759761233147 89 32294560360357 68 22724316117330 48 47652983085762 45 33987843711735 18
3 7
313799292717247 99 365931546580639 55 303687786053919 99
212456492569833 99 116695362086813 55 161782411633096 55 119187637212507 55 120944363290981 99 153980532531319 55 146213396838738 55
3 9
681936265206442 55 664727095013560 61 692228251403101 6
214891758819944 6 252785685349757 55 186200973672521 6 249887580849408 73 227580090227152 31 230818667829562 55 223214550272755 6 258845157696589 6 217878132342058 6
3 86
205346033436731 16 221224013073743 11 212613279342271 31
21585303990478 20 8408657491347 54 1 11 6819733418685 99 7045603323131 70 4295027290580 60 11198636533586 100 17243243047075 24 19287775089772 59 1 66 2473916399273 89 10505279525793 5 1431717537099 18 7503999274324 31 10617364100141 39 5379155394627 73 4231200257293 41 8507788787301 40 23332403879018 17 17932381604353 53 12230587926183 76 24236949831751 2 8169311559048 67 7885057800938 16 3503329402392 12 1 82 2938494025933 61 13652877809576 14 669049965379 74 3496076713732 93 8348614837485 28 1 22 10713100345000 78 11041004822836 38 6430029163182 27 501708293096 9 6736781698546 88 1 8 514722471851 92 5726208446870 84 7450235024238 33 11417825312954 2 1 33 2114044746723 76 29487993872574 18 1 9 21789601682521 38 960741529804 93 1 27 16616255186908 61 717811882034 31 4800262921071 67 9847430698589 82 18083050505231 5 8878424615980 41 11452034070105 84 3877399802050 88 1 22 1 40 4680966900388 74 2433728598196 28 3475210453306 78 13494516690438 16 10071994780682 59 1109602521356 20 12635516379737 8 1 14 5342002580303 66 5829853762780 70 1557907331427 53 16458765842080 12 10639683389417 17 1 100 13039127648011 89 182776376166 24 5133765005914 99 1 73 8844339169814 11 18242431831376 54 4072770469316 39 10736520044713 60 13888075627059 92 6486106453641 76 1692169792590 88 3838241800820 18 8760505221434 100
3 44
2656901247405773 36 2672245635452956 93 2657589820764568 36
181885050488666 36 154408822303413 93 160071373815620 36 201822884010509 36 172875468008223 93 159306320950526 36 178817182408456 36 183415063574788 36 177626144122664 93 204424463804987 36 162311738963875 93 169520499584319 36 173795339871690 36 179196176034497 36 170732392504329 36 154475617497698 36 160181179653809 36 189760215087761 36 187286195814639 36 174058376811749 36 188168457879553 93 184874155790305 36 186505976251558 93 202388072690590 93 164979418588234 36 177872905988539 93 219565241887088 93 143712021356090 93 186677766004606 36 185785809070491 36 150538993105660 93 166265782107513 36 161088198477132 93 189576946283846 36 146081781318290 36 197679490163011 93 151435611067687 36 212859987581538 36 175841356918765 36 165753557371115 36 198183411838554 93 169102375811703 36 197322430095536 36 203562898237507 36
3 52
1054484494190091 92 890316456424323 83 911278026003825 83
25868679467631 100 51034405596565 83 6455602807956 23 55073508858509 83 50175011393798 92 51156686945574 23 136546237400745 92 85238362823057 100 36264355914640 76 49418702472693 23 67327235840093 23 101429997454695 83 98579547399843 100 81237855379711 92 82331675812907 92 111901346640713 23 91444015261829 83 89836818159194 83 1 100 113912827731201 100 1 23 110454469690179 23 32936186111714 23 3886859394292 83 57175171823711 23 26235852209160 23 62755800955952 83 63434590974756 83 53186203479213 23 112580595820897 23 110965065227660 92 85520413857750 83 101724872159124 23 111467240675882 23 160041369691397 83 1 83 4804908196265 92 114264531889861 100 45657258289038 83 5742344165410 92 110864757944788 76 113031939340326 92 70089939010030 23 48893989220649 83 1 23 35833984023750 92 81136156037613 23 1 23 78380183158707 100 21502749311155 23 93128346666182 23 81496563561665 92
3 31
1035788551999260 46 1033317477359270 85 1018114606268705 39
109301068654771 50 103427287995787 61 95402213135547 12 100827340316088 38 99614465529845 3 94288445567910 94 100407439674398 22 92138803098367 33 101947597401801 69 96164947108520 2 93235984103262 18 105598660885239 63 99346699712540 60 99481185021193 47 107634264239166 65 103215447214522 73 97060430868229 32 94626317116779 95 92537152697954 15 99987129984473 48 101006017198371 98 97545604194804 96 91698878991914 89 96964754085710 58 103478866057648 7 97685298557820 90 100416879884362 19 94164182232363 21 94971810580349 67 97856915277944 68 97133447311940 86
3 89
6297232204658282 68 6311984055671521 53 6362086764701366 68
81740823212271 53 229750416983566 68 328063851167150 53 201005201802957 53 170258429776731 53 147661634754207 53 188829350204118 53 192522945891999 53 268318100069725 53 268043797517925 68 236524092516517 68 227703408163039 53 238715663938886 53 243320045573524 68 137209057033410 53 226720206535502 53 165585382310539 53 245090601885359 53 271793763746467 53 178136010861452 53 222606314870873 53 307440292027058 53 160036633386701 53 256531393024445 53 257512559169626 53 162764008535239 53 158717053921147 53 207967207371547 53 349388561412645 68 75142565439973 53 313445015734173 53 215259658285331 53 198211090040073 53 242756592590217 53 171674641624591 53 254397127612351 53 101645165829682 53 174620288103367 53 221160135319458 53 203030286754340 53 247347019617456 53 270238061436386 53 217145923176356 53 210780252043200 53 198595119342854 53 234703406325635 53 118901440425397 53 186909783912214 53 307352136185417 53 197512368019927 53 245861040711288 53 225480933634540 53 212901533987815 53 183423264081911 53 180640664818083 53 297550030489915 53 225543205021293 53 200037777542275 53 85354897070575 53 193722589769150 53 232836710548530 53 236737197734166 53 178665646287349 53 234568967850860 53 237676864835036 53 218674687084589 53 204133663655775 53 256171764964533 53 226321802933126 53 32067708203247 53 197177554436056 53 237528996028094 53 226102123838512 53 188380367427512 53 181291729073290 53 176422497283581 53 169202716138487 53 263875356908478 53 239345542058863 53 260587860747145 68 197107737739447 53 243289726701325 53 338097725140971 53 186981567927756 53 309708649700504 53 113777401892573 53 161034641646772 53 279924880313631 53 244528207571615 53
3 100
8310694271007676 47 8287233492255076 85 8298798850810482 85
198890887215998 94 234953350392942 70 285025961832982 85 202023959182067 39 210090783123533 94 225011812517437 47 241625504832316 47 253444998816773 94 214549420772162 70 244574125304414 94 219544268602912 94 251412424585929 85 258633993557187 47 260923245083574 85 275223462741495 85 187255456297799 70 208263388525735 94 219991467716151 94 234287455796174 94 273925868052150 47 242613636646702 70 234673540199931 94 239128949295928 94 230390219757616 85 196394938400185 85 262983535685168 47 234459462700897 94 223189933206412 94 246059386655523 94 281238196444236 47 202518891589917 85 224517471234464 85 227963208189538 94 222508463721882 39 212027119361938 94 242729109520785 47 232027338253224 85 272864421025520 94 225633763086444 85 262906045067758 70 231891015322108 85 253117971984365 39 247035999303354 85 272193969418220 94 233976242733428 85 225733250406879 85 252007659531488 94 238006089728459 94 244254551638883 85 213014683503578 94 282904246027335 70 224965345373425 85 251973382436303 94 225026903604477 94 271946908341413 94 304605098659411 85 230226853618504 47 303855649115403 85 273270150875980 85 198899672306896 94 235349012993901 94 211956439119869 85 248278472227432 47 263439942680263 94 262647140479804 47 230561702392511 94 207940037894165 94 286288685736130 85 231885586119924 85 246270634172668 94 224207091825596 85 265238019138554 39 300759395646532 70 234227986986195 94 296174534617811 94 319319015219447 94 282643159279792 39 239663927331198 85 263432573162720 85 246775267010367 94 275490443780378 85 263445691338262 85 185882664954580 94 248713793869410 94 271507423298231 85 264417692611579 94 267315184274967 94 260164689599528 85 264689975985719 85 300920666173641 94 268597861071778 39 261236384552975 94 218252633820083 85 276811651124021 94 261968348318588 94 228920384233089 94 208225857016326 94 219054119409813 94 300731014423122 85 266951563609561 94
