100
6 2 8 29 20 8 18 18 21
48 25 0 29 19 2 6 4 19 19 14 24 22 2 16 4 23 26 2 30 3 16 23 28 30 20 2 4 16 9 6 4 12 12 19 8 28 26 23 30 28 22 27 15 30 8 16 22 30 6 25
38 7 6 0 3 9 17 28 19 12 1 7 6 17 23 6 19 19 6 23 24 13 29 2 23 1 1 19 4 4 4 7 19 20 7 10 13 11 16 5 15
72 28 9 25 11 21 23 24 23 17 1 21 20 23 23 12 28 4 5 23 23 23 28 23 30 21 24 26 24 8 18 12 23 24 24 8 23 30 24 23 24 23 4 24 24 24 23 1 23 23 8 23 24 24 23 2 0 13 14 15 24 24 23 24 23 25 8 19 23 23 8 24 24 23 24
83 35 10 3 25 7 3 18 0 29 25 6 4 14 21 25 28 26 22 0 6 6 12 10 25 10 19 11 7 9 17 19 7 0 17 23 9 22 27 15 4 28 12 21 23 22 20 13 7 14 9 15 13 3 24 2 27 22 28 26 10 27 13 26 16 8 13 19 3 2 28 14 22 5 28 16 10 4 1 12 23 30 4 22 18 30
15 2 6 15 14 18 25 22 25 15 15 17 26 9 30 12 29 20
67 67 3 23 11 21 12 14 13 25 13 28 9 10 14 9 8 2 22 24 27 12 9 4 9 13 8 2 8 16 13 13 14 14 5 25 24 2 10 8 27 21 11 20 9 5 15 9 13 5 12 22 23 2 13 5 12 25 16 21 9 20 15 4 16 12 16 17 27 19
31 5 2 3 2 2 2 3 3 7 8 2 3 7 3 2 3 2 2 15 3 14 25 2 26 3 24 23 25 2 22 15 2 2
54 4 2 3 23 17 15 3 2 3 5 12 4 8 2 2 15 2 6 6 2 3 3 6 6 22 3 3 2 2 3 6 30 25 2 3 2 3 19 4 1 3 3 13 3 23 3 5 9 3 3 5 2 2 2 27 3
24 1 6 15 14 15 14 9 14 15 14 15 14 20 14 26 1 14 21 15 15 8 12 10 5 30 15
51 38 4 4 28 23 20 15 15 5 27 10 26 25 3 3 9 1 23 17 23 17 28 13 23 23 17 29 28 23 21 4 27 21 7 16 21 27 27 30 19 15 27 19 6 26 8 15 25 0 21 25 18 22
96 6 7 17 17 28 5 1 0 18 18 17 9 0 18 7 18 16 10 21 12 12 22 12 18 17 12 17 21 12 18 14 18 17 9 18 11 17 18 11 20 17 27 18 1 17 18 19 26 17 11 18 14 19 27 28 17 24 18 0 2 17 17 17 18 17 18 17 30 17 12 18 20 17 18 2 8 7 18 17 18 10 18 17 17 17 10 17 10 23 18 18 17 6 18 17 18 23 18
79 15 4 8 28 24 7 24 8 8 0 9 9 9 18 8 26 9 8 30 12 9 8 8 9 8 8 9 29 3 25 8 8 9 8 7 8 8 0 9 2 25 2 8 20 12 9 9 4 7 9 30 7 29 8 1 22 9 8 28 4 15 8 10 26 17 27 8 2 2 26 18 12 8 9 20 26 12 8 18 9 0
85 70 5 7 9 23 26 25 1 8 12 12 7 10 26 20 9 17 27 4 17 18 8 13 0 4 28 23 15 2 29 24 18 30 4 3 0 20 22 7 6 29 25 23 9 2 23 7 8 3 25 7 17 7 0 22 6 1 0 4 3 2 24 15 30 3 1 17 14 5 4 8 2 15 18 5 9 6 26 18 5 13 2 30 29 11 1 1
11 0 5 5 26 0 23 1 27 0 30 29 23 12
10 2 7 24 22 10 12 25 7 30 12 1 13
29 8 9 23 15 28 24 23 14 24 13 23 11 30 24 24 16 23 13 16 26 23 26 2 29 24 23 23 27 16 26 24
19 19 2 15 10 11 13 20 27 5 5 13 23 4 23 2 27 15 17 24 2 11
9 2 2 3 3 3 3 8 3 8 21 4
2 0 10 18 12
50 32 5 28 27 4 26 30 24 0 24 27 7 19 3 20 6 11 14 10 14 20 25 12 14 5 7 15 26 24 3 18 27 3 8 18 17 21 25 11 8 14 1 4 2 11 0 7 29 14 9 21 22
42 8 5 9 25 26 17 18 16 6 14 15 3 22 8 0 7 10 19 9 23 30 21 17 5 6 15 29 1 10 22 29 0 12 27 19 5 23 10 11 30 18 6 21 19
77 49 3 14 6 16 16 28 23 16 12 19 5 6 24 23 6 30 25 6 27 27 30 1 12 26 17 21 5 9 9 30 26 19 9 8 8 8 29 30 8 2 24 28 17 20 7 12 22 5 11 26 19 28 23 6 9 18 25 19 3 12 4 28 4 1 24 21 13 17 3 12 22 14 3 21 22 15 8 30
65 10 6 30 13 27 18 29 10 18 17 22 21 14 0 10 4 26 15 10 7 3 0 12 26 26 7 3 5 2 23 15 20 19 20 1 5 2 18 13 10 5 24 21 10 25 11 10 13 14 18 5 14 23 13 28 25 7 28 26 13 2 1 28 13 4 21 18
14 10 0 17 18 8 18 30 7 10 0 28 20 10 30 23 21
18 12 6 15 24 29 1 1 13 12 17 17 26 2 26 19 28 0 10 3 2
44 26 7 4 5 6 1 3 30 1 6 22 26 5 0 13 11 28 3 0 26 2 25 24 9 13 25 4 30 7 19 7 17 20 30 28 28 3 1 28 1 8 5 8 23 17 10
46 25 6 19 14 10 17 11 7 15 30 27 30 10 2 30 0 20 16 12 30 14 25 21 23 23 25 6 13 2 16 23 23 16 24 19 17 1 10 5 29 1 25 3 15 12 9 30 22
81 8 6 14 8 14 15 14 15 14 30 25 15 14 14 14 0 9 15 6 23 15 15 14 14 15 15 20 14 15 25 23 15 8 28 14 8 21 14 11 14 15 24 0 14 14 15 14 1 16 14 8 20 15 14 19 14 14 15 27 15 30 15 15 15 24 3 4 15 15 14 14 14 26 2 15 16 14 11 25 15 20 22 15
82 29 8 1 8 2 20 21 0 0 21 21 4 15 21 14 25 21 20 20 21 3 12 21 21 20 21 21 17 21 12 20 21 20 16 12 6 21 20 25 16 28 21 11 18 27 5 16 20 5 21 21 11 19 12 21 3 20 21 21 23 16 6 20 23 11 20 0 20 24 21 27 27 0 3 20 1 1 4 20 6 21 29 21 7
21 21 2 16 3 3 15 14 5 16 4 14 7 11 14 9 6 14 2 23 23 17 23 4
71 23 9 4 24 26 9 8 6 20 11 7 18 12 21 20 4 30 22 14 26 4 8 20 12 1 9 20 20 28 20 5 19 7 27 2 29 7 27 11 6 23 27 9 29 22 22 2 3 21 11 20 11 16 9 9 9 10 25 0 28 20 15 5 1 14 10 22 26 24 26 12 25 19
64 34 6 12 9 12 11 17 10 20 27 13 12 11 29 16 11 28 14 21 9 8 3 0 17 11 22 6 1 2 27 28 13 11 18 7 25 3 15 16 25 4 27 5 5 8 1 28 25 21 7 30 22 7 12 14 18 25 14 7 1 23 24 30 29 21 5
91 12 7 23 7 2 8 6 29 17 3 14 8 5 27 30 26 29 16 12 12 22 28 18 11 12 30 2 21 7 29 24 29 20 3 18 19 9 20 13 25 6 17 18 30 10 5 20 9 25 19 21 20 20 5 6 18 7 30 30 27 9 23 23 28 3 18 14 1 20 22 23 10 10 20 29 1 14 16 16 18 18 16 21 28 24 20 29 9 4 4 18 9 6
21 20 1 8 6 12 24 9 3 12 12 17 17 3 16 19 0 4 9 2 28 8 16 15
42 6 8 20 21 17 14 30 15 10 20 9 17 21 20 20 19 27 20 20 21 28 29 12 20 20 21 20 21 25 18 11 20 24 11 24 30 21 6 0 21 21 18 21 20
87 8 6 8 12 30 29 3 9 26 15 14 8 15 15 14 30 15 7 14 15 28 15 26 15 15 15 5 14 20 28 0 14 14 14 27 14 12 29 14 3 17 25 15 3 15 14 15 15 15 24 15 15 14 19 14 13 12 15 9 18 7 13 11 14 5 15 8 14 14 24 15 15 29 26 19 24 27 27 14 15 4 14 14 10 16 15 14 15 14
79 26 4 25 8 20 9 24 9 9 8 12 13 5 9 10 16 12 0 4 13 9 22 13 5 9 9 8 8 9 26 8 8 9 20 28 8 8 9 9 9 27 8 22 9 8 9 9 4 18 20 22 6 23 9 8 18 9 8 8 9 19 17 25 9 8 8 15 9 8 9 23 9 9 8 4 8 8 9 8 8 9
56 10 6 14 5 22 27 1 14 2 6 17 3 23 29 18 26 22 30 3 12 1 0 14 11 1 23 22 29 25 5 5 1 30 29 20 12 13 29 4 2 16 18 30 1 14 11 18 3 10 17 4 29 26 3 24 9 22 27
84 84 3 3 14 10 7 3 5 2 28 4 22 6 20 8 26 15 24 14 18 5 4 21 15 22 16 17 27 20 19 17 20 15 3 7 16 12 7 24 10 5 9 24 19 18 10 16 9 13 5 11 6 2 23 19 21 5 3 12 8 3 5 10 10 23 28 16 21 10 5 21 13 21 21 14 21 17 5 17 23 3 23 17 10 11 20
50 0 1 0 0 0 0 0 0 0 0 0 0 0 0 0 0 0 0 0 0 0 0 0 0 0 0 0 0 0 0 0 0 0 0 0 0 0 0 0 0 0 0 0 0 0 0 0 0 0 0 0 0
100 16 4 21 19 4 21 28 0 28 14 5 4 20 0 6 25 18 4 10 13 16 20 11 12 8 20 11 2 20 18 27 1 5 10 11 22 29 3 23 4 20 20 23 20 28 5 11 5 25 27 5 9 2 29 24 8 22 15 13 4 17 24 21 28 27 30 12 21 5 13 23 14 15 25 30 29 22 17 12 25 27 1 1 28 27 16 15 2 6 13 16 9 8 28 16 17 11 1 22 10 1 10
63 1 10 27 26 23 26 26 9 26 27 6 6 26 23 26 24 26 27 27 26 27 2 26 27 16 22 27 26 29 26 26 27 27 6 16 13 8 27 8 1 23 25 18 28 19 0 4 5 27 26 26 26 23 27 27 27 23 26 26 12 20 27 8 6 3
84 24 7 17 17 14 2 14 17 17 10 17 10 18 17 13 17 18 17 18 29 17 29 23 2 10 17 17 5 18 29 20 17 24 0 22 18 17 18 18 0 17 25 23 6 18 5 9 21 18 17 8 7 12 18 13 2 18 17 17 18 17 5 2 18 30 18 26 18 18 11 14 6 18 18 18 18 21 1 17 30 15 16 11 17 17 8
22 10 8 7 17 1 17 28 8 3 13 3 8 23 16 1 15 12 29 2 23 30 22 25 15
39 19 4 8 9 9 8 10 30 9 8 8 24 8 17 15 27 9 22 8 8 5 8 8 8 9 9 23 9 19 30 27 9 8 9 26 8 9 9 5 8 0
59 49 8 24 6 11 26 1 12 8 1 14 28 1 8 13 4 12 10 20 10 3 22 21 9 12 9 1 11 20 15 6 28 11 11 4 17 8 10 7 4 3 5 23 3 22 2 11 8 18 5 8 20 15 24 12 20 20 24 21 20 7
66 29 9 3 14 25 2 24 20 15 18 30 3 30 18 29 9 26 18 26 12 25 12 23 23 15 3 3 28 17 28 20 29 16 7 5 25 0 25 7 10 14 10 27 3 11 4 12 18 30 13 12 10 13 6 3 4 4 17 3 18 13 17 16 2 11 6 1 27
96 31 10 15 30 0 7 24 2 16 21 11 23 30 9 2 4 13 7 1 28 27 20 28 13 14 8 26 21 0 22 23 30 27 27 8 8 16 12 13 16 11 11 27 2 16 28 11 18 17 17 27 11 8 12 22 0 24 30 19 30 1 22 22 8 29 23 30 29 10 9 6 20 1 20 8 24 3 23 4 13 12 30 5 22 13 25 5 17 2 27 0 27 11 0 19 12 18 27
58 0 7 30 12 12 18 18 11 26 17 4 17 20 17 1 26 30 18 18 18 18 17 8 7 11 1 26 18 18 17 17 17 23 24 7 25 18 14 20 17 18 8 27 17 18 18 15 17 17 18 24 6 5 17 17 18 17 18 18 25
63 38 4 20 18 8 29 22 17 8 8 15 8 29 20 24 28 1 10 21 14 18 21 30 22 13 26 11 5 24 5 30 8 22 17 18 6 17 20 7 27 18 15 14 19 28 1 17 14 13 24 15 10 14 26 0 8 23 23 14 26 13 9 9 11 25
48 48 8 22 6 23 12 7 2 13 10 14 9 20 16 13 6 8 21 24 12 19 12 11 19 5 8 7 20 19 13 27 10 20 27 26 12 8 18 21 4 26 6 15 26 12 25 2 24 16 3
1 0 8 26
39 11 6 15 14 15 12 13 11 18 18 15 15 7 15 7 15 9 15 14 14 8 20 14 14 14 15 12 15 14 25 17 15 22 14 14 14 15 11 29 15 15
29 0 8 0 21 20 21 2 21 17 20 20 20 21 22 21 21 26 30 20 21 21 30 21 28 20 20 20 21 21 8 23
88 22 7 17 9 10 17 17 14 19 17 9 17 17 22 18 28 17 18 6 7 17 17 18 3 12 17 18 17 18 17 18 0 18 17 17 16 17 22 18 17 18 30 18 18 18 18 17 17 16 28 18 18 18 17 12 0 17 18 6 29 14 26 13 21 15 8 17 17 17 18 6 7 17 17 18 18 10 4 1 18 16 28 18 17 20 17 17 16 3 17
59 13 7 21 16 18 8 17 12 17 23 15 24 10 2 17 17 17 7 22 19 0 26 5 30 18 12 8 18 18 17 28 18 17 17 17 17 15 20 25 17 20 17 18 22 17 24 27 9 30 17 11 17 4 9 17 12 17 25 18 18 2
21 21 7 27 26 16 25 4 5 24 11 25 18 3 26 23 12 12 22 19 11 26 28 11
10 10 1 21 25 6 21 11 20 23 13 11 16
78 25 1 18 14 6 28 29 23 1 6 16 25 30 2 29 23 14 12 3 17 26 30 4 16 18 22 28 17 0 26 24 24 14 26 11 2 3 15 12 1 30 24 22 25 11 30 9 17 14 30 10 30 21 13 20 9 16 0 27 5 9 13 3 26 13 6 11 28 20 22 6 6 20 11 27 11 15 5 29 6
20 2 6 12 19 15 24 15 21 12 29 20 0 14 28 30 25 4 14 25 2 24 28
47 0 3 15 27 1 12 0 28 11 4 23 18 10 23 27 20 26 6 18 5 30 4 17 11 7 22 15 19 0 3 28 20 21 17 6 2 23 21 2 22 13 29 7 1 21 13 15 23 18
38 38 7 21 15 20 6 27 20 2 20 12 27 9 2 9 20 24 23 17 20 6 19 14 5 16 11 21 11 24 8 6 5 6 22 17 15 24 16 4 4
33 27 9 24 17 5 22 10 0 30 29 14 29 20 4 6 26 1 2 7 26 25 16 4 22 26 2 10 3 19 26 13 4 18 12 0
37 0 9 6 25 22 23 24 1 18 9 29 9 25 8 28 7 7 7 18 29 10 0 21 16 3 24 24 7 3 7 22 11 13 15 20 4 18 7 3
43 43 0 2 28 24 16 24 19 18 6 19 13 18 28 12 11 22 13 4 17 19 21 16 10 8 17 19 20 3 22 13 18 4 22 9 24 22 17 15 25 9 10 8 8 15
8 3 2 3 3 27 3 16 2 2 2
45 8 2 20 2 26 11 28 3 12 7 20 15 2 23 21 17 13 0 2 8 12 26 29 0 5 11 9 19 11 27 17 9 24 27 26 15 0 30 26 13 0 29 25 10 19 1 30
48 9 8 12 21 20 14 30 21 8 21 25 20 4 20 12 27 20 0 16 29 4 4 22 28 4 26 20 14 1 24 13 21 21 16 4 21 20 19 2 12 20 28 14 20 20 19 20 13 21 27
71 29 7 0 0 0 28 1 11 3 4 12 3 4 8 20 20 15 22 25 11 21 4 27 29 19 12 22 11 26 11 8 9 27 9 7 23 4 30 3 6 29 24 8 23 5 27 1 17 14 5 20 6 8 13 1 4 17 4 24 6 10 2 20 29 20 8 5 2 8 20 2 8 8
78 4 7 22 27 24 17 3 16 17 29 27 12 18 10 6 17 18 18 17 12 17 27 18 17 18 18 11 7 18 17 21 3 18 29 17 18 18 18 1 28 18 17 21 18 17 2 29 29 17 26 30 18 12 18 12 15 28 0 16 18 16 14 18 18 1 20 18 27 18 8 17 17 18 18 12 17 18 30 13 7
14 0 0 14 28 11 28 14 8 17 13 24 18 21 4 21 26
81 30 3 29 2 30 0 21 10 16 25 16 10 22 8 26 8 19 21 8 30 17 21 22 12 19 18 24 14 14 25 4 16 8 22 0 15 12 26 9 21 29 18 13 20 29 5 28 25 22 6 24 24 25 18 9 9 9 2 4 16 21 25 20 24 3 12 17 10 8 5 27 4 16 7 17 10 26 26 19 10 23 2 27
49 25 7 23 29 22 15 1 19 7 28 11 29 5 19 9 15 1 15 23 13 0 9 2 11 27 18 5 1 24 22 2 15 18 10 22 29 10 26 30 3 4 7 1 23 19 30 4 16 17 14 29
38 0 5 22 0 18 13 1 10 9 0 19 4 26 1 3 13 15 21 25 29 1 5 17 3 19 25 19 8 10 23 12 24 9 10 10 10 5 22 20 9
11 11 7 28 2 23 5 24 6 24 2 19 26 3
85 0 7 25 7 27 25 16 9 4 10 30 30 21 21 18 20 19 12 11 10 24 14 25 12 23 20 25 8 13 27 4 19 21 14 25 19 5 18 0 18 11 21 2 20 22 15 1 22 6 19 13 14 21 16 25 17 15 19 18 7 9 5 15 13 11 7 16 25 11 12 21 12 23 29 27 27 24 22 17 8 1 5 30 20 13 23 9
98 28 4 8 10 9 10 24 9 4 3 27 9 26 9 12 28 4 8 8 7 20 28 9 8 7 15 8 12 8 8 5 29 8 9 21 9 16 21 16 8 17 29 30 9 11 30 28 8 9 11 18 8 26 8 8 9 9 29 9 9 8 12 13 9 9 28 9 9 24 8 29 9 9 9 8 5 9 8 9 8 8 4 25 15 8 8 8 10 6 9 1 9 29 8 8 5 9 4 9 9
32 0 10 21 8 14 30 29 9 9 27 21 10 27 9 3 17 10 23 12 27 17 12 19 15 13 12 8 29 24 18 18 26 20 0
79 0 0 30 30 30 30 30 30 30 30 30 30 30 30 30 30 30 30 30 30 30 30 30 30 30 30 30 30 30 30 30 30 30 30 30 30 30 30 30 30 30 30 30 30 30 30 30 30 30 30 30 30 30 30 30 30 30 30 30 30 30 30 30 30 30 30 30 30 30 30 30 30 30 30 30 30 30 30 30 30 30
34 34 2 21 10 15 19 9 20 23 4 20 10 15 12 15 26 21 18 19 15 8 12 22 27 4 22 6 22 2 7 2 19 7 16 13 12
89 33 7 17 21 17 18 18 9 17 0 17 17 17 18 2 30 25 17 20 24 1 17 12 18 17 0 18 18 8 17 18 8 24 30 5 8 17 17 28 18 9 12 17 4 8 7 25 17 17 12 0 12 17 17 25 7 17 18 18 2 28 19 5 18 18 7 21 18 20 4 17 8 17 24 18 17 17 12 18 4 9 17 17 10 18 18 4 17 18 26 18
44 5 6 1 15 14 14 17 15 1 15 13 15 15 8 14 14 15 15 15 10 16 2 22 21 15 16 18 14 14 15 9 24 14 29 16 14 15 6 14 14 13 3 15 24 8 15
17 9 5 16 0 20 26 22 1 1 17 13 28 2 9 1 3 28 13 30
39 27 3 8 23 25 16 7 15 21 4 1 21 7 12 2 21 19 8 29 13 28 1 24 1 30 3 11 20 8 1 7 9 28 24 1 1 15 15 25 1 28
72 51 9 27 20 20 28 25 8 4 17 23 7 15 27 9 6 26 14 15 19 19 5 4 7 7 27 4 4 18 6 3 1 8 9 16 1 1 2 14 26 29 26 11 3 30 15 6 5 16 7 26 23 2 2 0 15 26 2 12 21 7 8 0 26 10 0 23 22 15 15 1 29 8 13
98 0 10 4 25 12 12 8 8 27 14 2 28 15 28 1 15 6 4 11 28 2 12 15 8 23 25 27 19 8 0 8 25 16 10 9 24 28 27 14 4 13 23 12 12 0 3 29 3 14 22 13 20 28 0 16 16 8 29 6 28 0 0 20 26 8 27 5 22 11 25 26 30 1 30 23 12 9 19 9 9 25 1 1 23 30 7 19 26 29 3 28 30 30 6 8 3 29 18 22 23
59 10 10 20 30 3 29 0 30 2 24 29 9 24 17 12 16 11 17 30 12 29 28 0 4 12 11 12 5 8 23 15 21 20 4 15 14 30 6 0 30 24 15 11 14 16 17 3 19 12 26 6 29 14 26 16 9 30 5 14 9 30
77 44 2 8 0 6 9 17 30 13 27 17 8 21 22 8 12 28 11 0 8 23 23 29 25 7 12 15 7 26 18 11 30 6 16 10 30 29 15 0 7 18 28 16 12 28 18 20 11 8 29 2 6 0 20 1 26 3 27 9 8 24 4 1 5 28 10 15 27 4 6 5 22 12 28 5 22 5 19 4
71 38 8 28 17 28 27 8 4 15 23 24 19 11 27 2 13 2 22 13 24 0 6 16 24 17 25 21 21 24 26 3 17 5 22 23 26 24 1 13 14 3 2 3 29 17 27 14 9 14 1 3 7 8 30 25 15 6 17 26 14 22 16 30 2 30 5 23 28 28 13 1 1 23
27 0 7 14 18 7 17 28 18 17 18 5 14 17 22 14 18 11 21 0 17 18 17 17 16 18 17 21 25 17
45 4 10 26 6 25 10 21 16 13 27 21 1 22 17 14 8 19 17 17 15 6 21 18 28 15 7 26 10 9 0 6 12 22 25 30 23 19 29 8 19 21 8 25 4 11 4 9
39 6 5 19 8 29 14 17 29 17 4 2 28 0 29 9 2 22 5 27 26 10 29 10 20 12 20 27 7 10 18 7 14 19 2 3 17 27 27 19 10 28
86 0 0 0 0 0 0 0 0 0 0 0 0 0 0 0 0 0 0 0 0 0 0 0 0 0 0 0 0 0 0 0 0 0 0 0 0 0 0 0 0 0 0 0 0 0 0 0 0 0 0 0 0 0 0 0 0 0 0 0 0 0 0 0 0 0 0 0 0 0 0 0 0 0 0 0 0 0 0 0 0 0 0 0 0 0 0 0 0
79 28 10 26 27 27 11 26 10 27 27 7 26 27 28 17 26 27 26 17 27 28 12 27 7 13 5 26 20 8 27 29 26 26 8 12 26 27 5 27 18 27 27 14 7 26 26 14 11 10 9 27 27 16 26 27 26 21 5 27 0 26 27 6 26 26 27 26 6 26 27 9 8 18 26 27 11 28 1 27 27 26
68 49 7 18 30 30 2 23 15 21 5 28 6 4 13 3 29 3 25 11 8 10 10 2 21 15 27 16 9 20 17 3 26 19 10 6 29 26 5 10 29 5 11 20 12 1 26 18 26 3 3 20 9 17 12 19 15 5 14 14 20 14 21 21 10 8 1 11 17 30 27
27 0 10 30 30 30 30 30 30 30 30 30 30 30 30 30 30 30 30 30 30 30 30 30 30 30 30 30 30 30
42 12 9 5 27 4 24 19 21 29 25 16 7 25 17 11 28 13 27 30 14 1 1 10 24 23 25 13 24 0 24 16 16 12 27 4 14 5 14 25 26 24 0 15 29
57 11 3 6 5 5 17 30 22 0 6 19 5 9 4 5 6 28 6 6 5 17 6 24 22 19 5 26 29 6 5 5 6 5 26 6 28 16 16 27 6 6 10 6 6 22 6 11 4 5 3 14 28 20 29 6 6 3 5 5
87 7 7 23 18 8 12 15 21 17 17 17 24 26 25 18 3 28 17 28 11 17 16 26 18 18 17 16 8 18 6 11 17 20 18 4 18 18 17 18 18 2 17 5 18 24 17 20 17 11 17 18 22 6 18 18 17 25 5 18 18 25 17 18 6 24 2 1 18 8 18 17 17 18 5 18 17 24 17 17 18 18 17 21 17 10 17 29 11 23
