100
3 1 5 15 13 11
3 0 8 23 22 21
1 0 0 26
2 0 5 5 11
3 3 8 17 13 4
2 0 9 7 27
1 0 3 19
3 1 8 29 21 0
1 1 4 19
1 0 7 18
3 3 9 8 3 19
3 0 2 3 2 2
2 0 4 30 17
3 0 10 1 5 30
1 0 9 23
1 0 3 5
2 0 8 21 7
2 0 2 8 13
3 0 4 8 7 4
2 0 9 23 2
3 2 5 5 24 10
1 0 3 6
2 2 3 14 16
2 1 9 22 26
1 0 2 2
3 0 7 17 17 10
2 1 1 1 28
2 1 1 16 12
3 0 10 9 29 4
3 1 9 27 21 15
3 1 4 9 9 9
2 0 6 17 5
3 0 6 12 5 6
3 0 7 23 17 18
1 1 7 8
2 0 6 14 17
3 1 8 20 20 21
3 3 10 26 22 21
2 1 4 9 8
2 2 8 3 19
1 0 7 17
3 1 4 24 19 0
3 1 9 23 6 23
3 0 7 24 23 18
2 0 4 20 8
2 0 4 5 13
3 3 0 9 20 18
2 0 2 2 2
1 0 6 14
1 0 2 2
3 2 9 28 5 7
2 0 10 27 2
1 1 2 17
2 1 4 24 21
2 1 4 0 28
3 0 7 14 16 22
1 1 1 2
3 2 0 28 1 4
3 1 8 21 6 24
1 0 1 0
3 0 1 15 28 10
2 0 6 15 14
1 0 6 15
1 0 1 19
3 1 1 11 5 5
2 0 0 0 0
2 0 9 23 18
2 2 4 26 21
2 2 3 15 2
2 0 7 25 18
2 0 0 30 30
1 0 5 12
2 1 1 0 21
1 0 2 2
1 0 5 11
1 0 8 21
2 1 5 11 12
1 0 10 27
1 1 9 6
3 3 7 10 5 12
1 1 6 27
3 3 9 4 12 24
2 2 6 8 17
3 3 7 23 2 13
1 0 2 15
2 0 6 15 17
1 0 10 30
3 0 10 8 8 3
3 0 0 18 11 2
1 0 0 24
2 2 6 18 17
2 0 7 18 18
2 0 9 25 24
1 0 9 27
1 1 10 10
1 1 1 15
1 0 3 6
3 0 5 27 12 4
3 1 8 30 3 18
1 1 10 23
