30
3
3 4
4 10
6 10
9
3
3 4
4 10
7 10
9
2
6 6
10 3
13
2
6 6
10 3
14
99
846213 1000000
865117 542964
871860 602766
902623 507804
906720 702561
908666 509651
912891 795061
937836 642887
939565 632998
949211 605573
979382 720046
980039 842089
986907 973738
1017220 761370
1024466 957117
1027981 637256
1041070 843115
1044449 668231
1046101 655694
1077400 678254
1084100 686011
1086572 904092
1111073 566421
1170894 798303
1197234 640632
1236937 940571
1244345 759679
1252191 864604
1327147 943017
1388967 700136
1440549 679945
1443436 612034
1454958 710662
1467775 984975
1468466 965528
1501687 752052
1514059 839077
1517283 617000
1543135 501648
1544214 576927
1556803 937076
1576092 963886
1586546 937616
1592998 617192
1594171 886553
1602832 853173
1604877 680507
1605026 516902
1630596 762033
1684163 532203
2392533 761934
2392535 761933
2392537 761932
2392539 761931
2392541 761930
2392543 761929
2392545 761928
2392547 761927
2392549 761926
2392551 761925
2392553 761924
2392555 761923
2392557 761922
2392559 761921
2392561 761920
2392563 761919
2392565 761918
2392567 761917
2392569 761916
2392571 761915
2392573 761914
2392575 761913
2392577 761912
2392579 761911
2392581 761910
2392583 761909
2392585 761908
2392587 761907
2392589 761906
2392591 761905
2392593 761904
2392595 761903
2392597 761902
2392599 761901
2392601 761900
2392603 761899
2392605 761898
2392607 761897
2392609 761896
2392611 761895
2392613 761894
2392615 761893
2392617 761892
2392619 761891
2392621 761890
2392623 761889
2392625 761888
2392627 761887
2392629 761886
3154515
2
10 10
11 10
21
1
200000000 300000000
400000000
99
974941 1000000
1949788 974844
1949790 974843
1949792 974842
1949794 974841
1949796 974840
1949798 974839
1949800 974838
1949802 974837
1949804 974836
1949806 974835
1949808 974834
1949810 974833
1949812 974832
1949814 974831
1949816 974830
1949818 974829
1949820 974828
1949822 974827
1949824 974826
1949826 974825
1949828 974824
1949830 974823
1949832 974822
1949834 974821
1949836 974820
1949838 974819
1949840 974818
1949842 974817
1949844 974816
1949846 974815
1949848 974814
1949850 974813
1949852 974812
1949854 974811
1949856 974810
1949858 974809
1949860 974808
1949862 974807
1949864 974806
1949866 974805
1949868 974804
1949870 974803
1949872 974802
1949874 974801
1949876 974800
1949878 974799
1949880 974798
1949882 974797
2924662 974813
3899476 974814
4874196 974717
4874198 974716
4874200 974715
4874202 974714
4874204 974713
4874206 974712
4874208 974711
4874210 974710
4874212 974709
4874214 974708
4874216 974707
4874218 974706
4874220 974705
4874222 974704
4874224 974703
4874226 974702
4874228 974701
4874230 974700
4874232 974699
4874234 974698
4874236 974697
4874238 974696
4874240 974695
4874242 974694
4874244 974693
4874246 974692
4874248 974691
4874250 974690
4874252 974689
4874254 974688
4874256 974687
4874258 974686
4874260 974685
4874262 974684
4874264 974683
4874266 974682
4874268 974681
4874270 974680
4874272 974679
4874274 974678
4874276 974677
4874278 974676
4874280 974675
4874282 974674
4874284 974673
4874286 974672
4874288 974671
4874290 974670
5848960
7
10 10
15 5
20 9
25 5
30 10
35 5
40 10
49
2
10 10
11 10
20
99
10 92
11 76
12 81
14 62
15 46
17 47
18 93
19 48
20 83
30 10
40 10
41 33
43 37
44 89
45 14
47 26
48 16
49 77
50 36
60 10
70 10
72 43
74 23
75 64
76 64
77 55
78 86
79 15
80 57
90 10
100 10
101 61
102 60
103 58
106 72
107 12
108 46
109 20
110 48
120 10
130 10
133 80
134 32
135 65
136 92
137 77
138 41
139 39
140 16
150 9
160 10
161 14
162 82
163 22
164 51
165 43
167 10
168 16
170 63
180 10
190 10
191 74
194 37
195 86
196 18
197 75
198 56
199 87
200 30
210 10
220 10
221 11
222 75
223 22
225 74
226 89
227 59
228 59
229 75
230 10
240 10
241 47
243 96
244 32
245 29
246 13
247 37
248 54
250 76
260 10
270 10
271 90
272 34
273 82
274 96
276 71
277 11
278 78
280 27
290
23
10 36
11 27
12 60
13 82
14 39
15 33
16 21
17 18
18 14
19 14
20 48
30 10
40 10
41 84
42 100
43 44
44 52
45 64
46 77
47 32
48 61
49 80
50 20
60
99
389486 1000000
778878 389389
778880 389388
778882 389387
778884 389386
778886 389385
778888 389384
778890 389383
778892 389382
778894 389381
778896 389380
778898 389379
778900 389378
778902 389377
778904 389376
778906 389375
778908 389374
778910 389373
778912 389372
778914 389371
778916 389370
778918 389369
778920 389368
778922 389367
778924 389366
778926 389365
778928 389364
778930 389363
778932 389362
778934 389361
778936 389360
778938 389359
778940 389358
778942 389357
778944 389356
778946 389355
778948 389354
778950 389353
778952 389352
778954 389351
778956 389350
778958 389349
778960 389348
778962 389347
778964 389346
778966 389345
778968 389344
778970 389343
778972 389342
1168311 389345
1557656 389345
1946907 389248
1946909 389247
1946911 389246
1946913 389245
1946915 389244
1946917 389243
1946919 389242
1946921 389241
1946923 389240
1946925 389239
1946927 389238
1946929 389237
1946931 389236
1946933 389235
1946935 389234
1946937 389233
1946939 389232
1946941 389231
1946943 389230
1946945 389229
1946947 389228
1946949 389227
1946951 389226
1946953 389225
1946955 389224
1946957 389223
1946959 389222
1946961 389221
1946963 389220
1946965 389219
1946967 389218
1946969 389217
1946971 389216
1946973 389215
1946975 389214
1946977 389213
1946979 389212
1946981 389211
1946983 389210
1946985 389209
1946987 389208
1946989 389207
1946991 389206
1946993 389205
1946995 389204
1946997 389203
1946999 389202
1947001 389201
2336202
99
810904 1000000
1621794 810887
1621796 810886
1621798 810885
1621800 810884
1621802 810883
1621804 810882
1621806 810881
1621808 810880
2432688 810880
3243568 810880
4054434 810863
4054436 810862
4054438 810861
4054440 810860
4054442 810859
4054444 810858
4054446 810857
4054448 810856
4865303 810857
5676160 810857
6487003 810840
6487005 810839
6487007 810838
6487009 810837
6487011 810836
6487013 810835
6487015 810834
6487017 810833
7297844 810839
8108683 810839
8919508 810822
8919510 810821
8919512 810820
8919514 810819
8919516 810818
8919518 810817
8919520 810816
8919522 810815
9730334 810818
10541152 810818
11351956 810801
11351958 810800
11351960 810799
11351962 810798
11351964 810797
11351966 810796
11351968 810795
11351970 810794
12162760 810798
12973558 810798
13784342 810781
13784344 810780
13784346 810779
13784348 810778
13784350 810777
13784352 810776
13784354 810775
13784356 810774
14595127 810777
15405904 810777
16216667 810760
16216669 810759
16216671 810758
16216673 810757
16216675 810756
16216677 810755
16216679 810754
16216681 810753
17027432 810755
17838187 810755
18648928 810738
18648930 810737
18648932 810736
18648934 810735
18648936 810734
18648938 810733
18648940 810732
18648942 810731
19459670 810734
20270404 810734
21081124 810717
21081126 810716
21081128 810715
21081130 810714
21081132 810713
21081134 810712
21081136 810711
21081138 810710
21891845 810713
22702558 810713
23513257 810696
23513259 810695
23513261 810694
23513263 810693
23513265 810692
23513267 810691
23513269 810690
23513271 810689
24323960
99
23803 1000000
28128 839875
35286 799008
40293 939762
43401 961041
62993 19589
62995 19588
62997 19587
62999 19586
82584 19587
102171 19587
106003 602148
110258 635519
114401 841870
121205 849023
140233 19025
140235 19024
140237 19023
140239 19022
159261 19022
178283 19022
178889 630100
179402 809947
182627 971504
189709 571612
197299 19013
197301 19012
197303 19011
197305 19010
216313 19012
235325 19012
240362 992204
242218 894837
243869 953922
254250 991065
273169 18916
273171 18915
273173 18914
273175 18913
292088 18913
311001 18913
314071 984703
316325 699000
317812 719989
328733 973397
329908 18904
329910 18903
329912 18902
329914 18901
348813 18903
367716 18903
374809 604557
377469 837571
381779 869118
384148 749819
386613 18894
386615 18893
386617 18892
386619 18891
405510 18891
424401 18891
425728 912427
432408 597383
442414 711589
442982 822260
461557 18572
461559 18571
461561 18570
461563 18569
480132 18569
498701 18569
506121 769999
506836 610943
514732 587255
516674 547259
517264 18560
517266 18559
517268 18558
517270 18557
535824 18560
554384 18560
559845 972710
565099 725587
567808 658339
568165 529798
572938 18551
572940 18550
572942 18549
572944 18548
591492 18548
610040 18548
612300 956315
616352 536500
621872 763010
623750 941725
628582 18539
628584 18538
628586 18537
628588 18536
647124
95
405523 1000000
406870 966085
413256 720026
426734 691100
442594 609165
457290 735291
522495 788037
547736 739156
562182 590819
572482 851609
615967 900416
637723 557470
692605 560598
727277 561493
737661 603035
784458 505172
811018 405492
811020 405491
811022 405490
811024 405489
811026 405488
811028 405487
811030 405486
811032 405485
811034 405484
811036 405483
811038 405482
811040 405481
811042 405480
811044 405479
811046 405478
1216514 405487
1622002 405488
1622166 868357
1672194 606577
1673200 964856
1711650 725027
1783236 843754
1807690 637696
1821088 981069
1831381 792612
1851315 573325
1873227 803899
1926100 886607
1934630 967964
1940365 939682
1962318 730458
1987799 650556
2027462 405457
2027464 405456
2027466 405455
2027468 405454
2027470 405453
2027472 405452
2027474 405451
2027476 405450
2027478 405449
2027480 405448
2027482 405447
2027484 405446
2027486 405445
2027488 405444
2027490 405443
2432924 405452
2838376 405452
2882035 571159
2914900 772373
2928124 983417
2929895 557544
3033048 627824
3033582 802165
3094136 812603
3109175 937092
3131812 641344
3134299 826772
3144679 593501
3155782 944081
3198040 817353
3219148 925169
3237640 668770
3243800 405421
3243802 405420
3243804 405419
3243806 405418
3243808 405417
3243810 405416
3243812 405415
3243814 405414
3243816 405413
3243818 405412
3243820 405411
3243822 405410
3243824 405409
3243826 405408
3243828 405407
3649235
99
10 76
11 20
12 38
14 30
15 28
17 94
18 11
19 79
20 42
30 10
40 10
42 76
43 97
44 60
45 72
47 19
48 61
49 62
50 75
60 10
70 10
71 18
72 89
73 33
74 19
76 61
77 76
78 75
79 38
88 9
97 9
98 15
99 66
100 11
101 25
102 27
104 89
105 20
106 10
115 9
124 9
126 79
127 79
128 98
129 89
130 10
131 37
132 57
133 46
142 9
151 9
152 49
153 49
154 31
156 12
157 81
158 73
159 78
160 33
169 9
178 9
179 68
180 95
181 63
182 28
183 10
185 96
186 35
187 74
196 9
205 9
206 35
207 15
209 65
210 74
211 30
212 63
213 20
214 94
223 9
232 9
234 37
235 98
236 67
237 63
238 54
239 94
240 43
241 34
250 9
259 9
260 27
261 68
262 95
263 62
264 95
265 41
267 14
268 53
277
99
731341 1000000
1462648 731304
1462650 731303
1462652 731302
1462654 731301
1462656 731300
1462658 731299
1462660 731298
1462662 731297
1462664 731296
1462666 731295
1462668 731294
1462670 731293
1462672 731292
1462674 731291
1462676 731290
1462678 731289
1462680 731288
1462682 731287
2193960 731296
2925256 731296
3656518 731259
3656520 731258
3656522 731257
3656524 731256
3656526 731255
3656528 731254
3656530 731253
3656532 731252
3656534 731251
3656536 731250
3656538 731249
3656540 731248
3656542 731247
3656544 731246
3656546 731245
3656548 731244
3656550 731243
3656552 731242
4387786 731249
5119036 731250
5850252 731213
5850254 731212
5850256 731211
5850258 731210
5850260 731209
5850262 731208
5850264 731207
5850266 731206
5850268 731205
5850270 731204
5850272 731203
5850274 731202
5850276 731201
5850278 731200
5850280 731199
5850282 731198
5850284 731197
5850286 731196
6581465 731213
7312678 731213
8043857 731176
8043859 731175
8043861 731174
8043863 731173
8043865 731172
8043867 731171
8043869 731170
8043871 731169
8043873 731168
8043875 731167
8043877 731166
8043879 731165
8043881 731164
8043883 731163
8043885 731162
8043887 731161
8043889 731160
8043891 731159
8775033 731176
9506209 731176
10237351 731139
10237353 731138
10237355 731137
10237357 731136
10237359 731135
10237361 731134
10237363 731133
10237365 731132
10237367 731131
10237369 731130
10237371 731129
10237373 731128
10237375 731127
10237377 731126
10237379 731125
10237381 731124
10237383 731123
10237385 731122
10968507
95
912431 1000000
956501 508565
1043289 886198
1126101 613824
1138990 898431
1165659 891570
1352512 868842
1575605 651630
2227223 651615
2227225 651614
2227227 651613
2227229 651612
2227231 651611
2227233 651610
2227235 651609
2878842 651611
3530453 651611
3566680 954610
3647498 945479
3694568 741617
3774440 996057
3911032 936657
3936583 955751
3970003 828714
4182052 651596
4182054 651595
4182056 651594
4182058 651593
4182060 651592
4182062 651591
4182064 651590
4833651 651593
5485244 651593
5660682 565961
5731912 931626
5758227 504954
5795490 551794
5869661 672426
5907237 808161
6053250 562770
6616008 562755
6616010 562754
6616012 562753
6616014 562752
6616016 562751
6616018 562750
6616020 562749
7178769 562749
7741518 562749
7762062 564928
7790328 758993
7847032 641397
7938152 684285
7984888 693321
8023939 708293
8145757 741473
8549984 404224
8549986 404223
8549988 404222
8549990 404221
8549992 404220
8549994 404219
8549996 404218
8954208 404224
9358432 404224
9451852 843687
9466944 502963
9528598 950682
9565975 787534
9636468 668987
9680938 881219
9719251 575996
9762644 404209
9762646 404208
9762648 404207
9762650 404206
9762652 404205
9762654 404204
9762656 404203
10166854 404208
10571062 404208
10603388 531286
10632445 785383
10649301 529629
10675755 926764
10825333 741767
10950066 605058
10970073 644370
11369072 398996
11369074 398995
11369076 398994
11369078 398993
11369080 398992
11369082 398991
11369084 398990
11768074
4
5 5
8 3
9 4
11 3
14
1
10 25
25
7
10 10
15 5
20 9
25 5
30 10
35 5
40 10
45
99
474851 1000000
949698 474844
949700 474843
949702 474842
1424544 474842
1899386 474842
2374224 474835
2374226 474834
2374228 474833
2849061 474833
3323894 474833
3798723 474826
3798725 474825
3798727 474824
4273551 474824
4748375 474824
5223195 474817
5223197 474816
5223199 474815
5698014 474815
6172829 474815
6647640 474808
6647642 474807
6647644 474806
7122448 474808
7597256 474808
8072060 474801
8072062 474800
8072064 474799
8546861 474801
9021662 474801
9496459 474794
9496461 474793
9496463 474792
9971254 474793
10446047 474793
10920836 474786
10920838 474785
10920840 474784
11395622 474786
11870408 474786
12345190 474779
12345192 474778
12345194 474777
12819970 474778
13294748 474778
13769522 474771
13769524 474770
13769526 474769
14244294 474770
14719064 474770
15193830 474763
15193832 474762
15193834 474761
15668595 474761
16143356 474761
16618113 474754
16618115 474753
16618117 474752
17092867 474754
17567621 474754
18042371 474747
18042373 474746
18042375 474745
18517118 474747
18991865 474747
19466608 474740
19466610 474739
19466612 474738
19941349 474739
20416088 474739
20890823 474732
20890825 474731
20890827 474730
21365557 474730
21840287 474730
22315013 474723
22315015 474722
22315017 474721
22789738 474721
23264459 474721
23739176 474714
23739178 474713
23739180 474712
24213890 474714
24688604 474714
25163314 474707
25163316 474706
25163318 474705
25638023 474705
26112728 474705
26587429 474698
26587431 474697
26587433 474696
27062127 474698
27536825 474698
28011519 474691
28011521 474690
28011523 474689
28486212
99
234250 1000000
468496 234243
468498 234242
468500 234241
702740 234242
936982 234242
1171220 234235
1171222 234234
1171224 234233
1405455 234235
1639690 234235
1873921 234228
1873923 234227
1873925 234226
2108151 234226
2342377 234226
2576599 234219
2576601 234218
2576603 234217
2810818 234219
3045037 234219
3279252 234212
3279254 234211
3279256 234210
3513465 234211
3747676 234211
3981883 234204
3981885 234203
3981887 234202
4216089 234202
4450291 234202
4684489 234195
4684491 234194
4684493 234193
4918684 234195
5152879 234195
5387070 234188
5387072 234187
5387074 234186
5621258 234188
5855446 234188
6089630 234181
6089632 234180
6089634 234179
6323813 234179
6557992 234179
6792167 234172
6792169 234171
6792171 234170
7026341 234170
7260511 234170
7494677 234163
7494679 234162
7494681 234161
7728842 234161
7963003 234161
8197160 234154
8197162 234153
8197164 234152
8431316 234152
8665468 234152
8899616 234145
8899618 234144
8899620 234143
9133762 234143
9367906 234144
9602046 234137
9602048 234136
9602050 234135
9836184 234136
10070320 234136
10304452 234129
10304454 234128
10304456 234127
10538581 234129
10772710 234129
11006835 234122
11006837 234121
11006839 234120
11240958 234121
11475079 234121
11709196 234114
11709198 234113
11709200 234112
11943310 234114
12177424 234114
12411534 234107
12411536 234106
12411538 234105
12645641 234107
12879748 234107
13113851 234100
13113853 234099
13113855 234098
13347953 234098
13582051 234098
13816145 234091
13816147 234090
13816149 234089
14050238
5
100 100
105 5
110 5
112 2
114 2
120
2
10 1000
100 10
110
99
626261 1000000
654826 656755
745118 854664
758750 849367
821871 856224
932579 887304
978355 928797
1057227 714420
1097391 980047
1240376 890687
1854475 614096
1854477 614095
1854479 614094
1854481 614093
1854483 614092
1854485 614091
1854487 614090
1854489 614089
1854491 614088
2468579 614088
3082667 614088
3105068 568759
3165016 512220
3212040 521431
3216788 798867
3296491 532954
3408017 881150
3423849 957764
3567249 507807
3603842 904787
4125001 521156
4125003 521155
4125005 521154
4125007 521153
4125009 521152
4125011 521151
4125013 521150
4125015 521149
4125017 521148
4646162 521151
5167313 521151
5188211 949236
5217417 549384
5279684 669599
5344018 861827
5361451 822568
5389949 724657
5434905 798245
5652356 882915
5668449 999621
5688448 521132
5688450 521131
5688452 521130
5688454 521129
5688456 521128
5688458 521127
5688460 521126
5688462 521125
5688464 521124
6209584 521128
6730712 521128
6740620 894944
6770432 588786
6782923 730937
6828462 798295
6854699 610891
6943150 853016
6961043 695320
6981489 629139
7102210 998866
7473692 371479
7473694 371478
7473696 371477
7473698 371476
7473700 371475
7473702 371474
7473704 371473
7473706 371472
7473708 371471
7845177 371473
8216650 371473
8291096 648257
8312422 593437
8321404 940777
8349540 754542
8380110 532655
8404483 936745
8408843 653619
8418120 554396
8506153 987678
8588107 371454
8588109 371453
8588111 371452
8588113 371451
8588115 371450
8588117 371449
8588119 371448
8588121 371447
8588123 371446
8959569
99
857613 1000000
916516 961679
949366 596584
964557 910555
982534 559184
1012205 931409
1041418 884618
1055627 643133
1080320 924866
1095861 726765
1108000 584337
1182386 667357
1302140 895607
1306178 620430
1311881 558542
1313007 623758
1345800 696938
1352046 964653
1397988 877944
1516470 674116
1560088 652263
1567058 948215
1581041 762821
1591199 675095
1633694 701093
1715180 857564
1715182 857563
1715184 857562
1715186 857561
1715188 857560
1715190 857559
1715192 857558
1715194 857557
1715196 857556
1715198 857555
1715200 857554
1715202 857553
1715204 857552
1715206 857551
1715208 857550
1715210 857549
1715212 857548
1715214 857547
1715216 857546
1715218 857545
1715220 857544
1715222 857543
1715224 857542
1715226 857541
2572759 857549
3430308 857549
3599903 914026
3634433 790858
3670804 811953
3704897 626010
3788601 870846
3799878 917975
3880014 554758
3885869 902291
3891623 882342
3894046 813647
3919595 584996
3935383 577440
3987400 757688
3988512 564297
3991032 866849
3993059 588317
4035004 566741
4058514 530925
4062210 772793
4135395 854254
4178394 600234
4200540 594227
4271143 590577
4276787 867143
5123220 846430
5123222 846429
5123224 846428
5123226 846427
5123228 846426
5123230 846425
5123232 846424
5123234 846423
5123236 846422
5123238 846421
5123240 846420
5123242 846419
5123244 846418
5123246 846417
5123248 846416
5123250 846415
5123252 846414
5123254 846413
5123256 846412
5123258 846411
5123260 846410
5123262 846409
5123264 846408
5123266 846407
5969673
99
876545 1000000
1753076 876528
1753078 876527
1753080 876526
1753082 876525
1753084 876524
1753086 876523
1753088 876522
1753090 876521
2629611 876521
3506132 876521
4382639 876504
4382641 876503
4382643 876502
4382645 876501
4382647 876500
4382649 876499
4382651 876498
4382653 876497
5259145 876502
6135647 876502
7012135 876485
7012137 876484
7012139 876483
7012141 876482
7012143 876481
7012145 876480
7012147 876479
7012149 876478
7888624 876481
8765105 876481
9641572 876464
9641574 876463
9641576 876462
9641578 876461
9641580 876460
9641582 876459
9641584 876458
9641586 876457
10518043 876457
11394500 876457
12270943 876440
12270945 876439
12270947 876438
12270949 876437
12270951 876436
12270953 876435
12270955 876434
12270957 876433
13147384 876439
14023823 876439
14900248 876422
14900250 876421
14900252 876420
14900254 876419
14900256 876418
14900258 876417
14900260 876416
14900262 876415
15776676 876415
16653092 876416
17529494 876399
17529496 876398
17529498 876397
17529500 876396
17529502 876395
17529504 876394
17529506 876393
17529508 876392
18405894 876398
19282292 876398
20158676 876381
20158678 876380
20158680 876379
20158682 876378
20158684 876377
20158686 876376
20158688 876375
20158690 876374
21035060 876378
21911438 876378
22787802 876361
22787804 876360
22787806 876359
22787808 876358
22787810 876357
22787812 876356
22787814 876355
22787816 876354
23664164 876360
24540524 876360
25416870 876343
25416872 876342
25416874 876341
25416876 876340
25416878 876339
25416880 876338
25416882 876337
25416884 876336
26293220
3
5 5
7 5
9 5
21
