30
3
3 4
4 10
6 10
9
3
3 4
4 10
7 10
9
2
6 6
10 3
13
2
6 6
10 3
14
3
5 5
7 5
9 5
21
99
36230 1000000
36565 990160
48866 897014
51840 615245
62351 826077
72454 36221
72456 36220
72458 36219
72460 36218
108678 36218
144896 36218
152162 808163
165005 833324
170366 797401
172969 660605
201036 28064
201038 28063
201040 28062
201042 28061
229101 28063
257164 28063
258856 850272
262653 826376
273565 873690
280996 678838
285221 28054
285223 28053
285225 28052
285227 28051
313275 28054
341329 28054
346759 516607
348556 720665
357528 566045
365542 603210
369377 28045
369379 28044
369381 28043
369383 28042
397424 28043
425467 28043
433585 508510
445718 665033
446221 676832
448013 730278
453504 28034
453506 28033
453508 28032
453510 28031
481540 28032
509572 28032
521328 572168
524407 967388
526045 829440
528679 554651
547780 19098
547782 19097
547784 19096
547786 19095
566881 19095
585976 19095
586343 717974
594302 847162
598004 934257
601085 794389
605065 19086
605067 19085
605069 19084
605071 19083
624154 19083
643237 19083
645478 777668
651250 822615
652243 612359
657641 884804
662314 19074
662316 19073
662318 19072
662320 19071
681390 19072
700462 19072
703227 845086
713556 660644
715526 803836
716931 723314
733394 16460
733396 16459
733398 16458
733400 16457
749856 16458
766314 16458
773260 732879
775687 836737
779810 803889
781294 524495
796268 14971
796270 14970
796272 14969
796274 14968
811242
2
10 10
11 10
20
95
416099 1000000
424030 959730
442782 566456
493155 680555
555926 814624
601392 868719
628460 976101
671521 666220
675718 977812
679681 898352
701116 505493
758256 644417
801875 959174
805743 711485
816767 945180
817418 675169
832170 416068
832172 416067
832174 416066
832176 416065
832178 416064
832180 416063
832182 416062
832184 416061
832186 416060
832188 416059
832190 416058
832192 416057
832194 416056
832196 416055
832198 416054
1248252 416053
1664306 416054
1681085 797748
1738152 999377
1780720 903790
1796143 747392
1806694 599860
1855272 649297
1863008 623302
1901890 816608
1903962 535864
1913617 782762
1940082 568665
1941702 822274
1951146 981644
1959725 869053
1964762 671326
2080332 416023
2080334 416022
2080336 416021
2080338 416020
2080340 416019
2080342 416018
2080344 416017
2080346 416016
2080348 416015
2080350 416014
2080352 416013
2080354 416012
2080356 416011
2080358 416010
2080360 416009
2496362 416016
2912378 416016
3022439 778373
3022492 603494
3044970 865292
3046129 814938
3055847 978790
3074147 591794
3120461 889191
3154501 869465
3241899 719401
3259001 797251
3260151 618088
3300249 581509
3305286 563374
3325822 609779
3328205 675961
3744004 415796
3744006 415795
3744008 415794
3744010 415793
3744012 415792
3744014 415791
3744016 415790
3744018 415789
3744020 415788
3744022 415787
3744024 415786
3744026 415785
3744028 415784
3744030 415783
3744032 415782
4159814
4
5 5
8 3
9 4
11 3
14
99
701573 1000000
1403142 701566
1403144 701565
1403146 701564
2104709 701565
2806274 701565
3507835 701558
3507837 701557
3507839 701556
4209394 701557
4910951 701557
5612504 701550
5612506 701549
5612508 701548
6314055 701549
7015604 701549
7717149 701542
7717151 701541
7717153 701540
8418693 701540
9120233 701540
9821769 701533
9821771 701532
9821773 701531
10523304 701531
11224835 701531
11926362 701524
11926364 701523
11926366 701522
12627887 701523
13329410 701523
14030929 701516
14030931 701515
14030933 701514
14732447 701514
15433961 701514
16135471 701507
16135473 701506
16135475 701505
16836980 701505
17538485 701505
18239986 701498
18239988 701497
18239990 701496
18941485 701497
19642982 701497
20344475 701490
20344477 701489
20344479 701488
21045967 701488
21747455 701488
22448939 701481
22448941 701480
22448943 701479
23150422 701479
23851901 701479
24553376 701472
24553378 701471
24553380 701470
25254849 701471
25956320 701471
26657787 701464
26657789 701463
26657791 701462
27359252 701463
28060715 701463
28762174 701456
28762176 701455
28762178 701454
29463630 701456
30165086 701456
30866538 701449
30866540 701448
30866542 701447
31567987 701449
32269436 701449
32970881 701442
32970883 701441
32970885 701440
33672324 701441
34373765 701441
35075202 701434
35075204 701433
35075206 701432
35776636 701434
36478070 701434
37179500 701427
37179502 701426
37179504 701425
37880928 701426
38582354 701426
39283776 701419
39283778 701418
39283780 701417
39985196 701418
40686614 701418
41388028 701411
41388030 701410
41388032 701409
42089441
99
605499 1000000
1210984 605482
1210986 605481
1210988 605480
1210990 605479
1210992 605478
1210994 605477
1210996 605476
1210998 605475
1816470 605478
2421948 605478
3027412 605461
3027414 605460
3027416 605459
3027418 605458
3027420 605457
3027422 605456
3027424 605455
3027426 605454
3632879 605455
4238334 605455
4843775 605438
4843777 605437
4843779 605436
4843781 605435
4843783 605434
4843785 605433
4843787 605432
4843789 605431
5449217 605434
6054651 605434
6660071 605417
6660073 605416
6660075 605415
6660077 605414
6660079 605413
6660081 605412
6660083 605411
6660085 605410
7265493 605412
7870905 605412
8476303 605395
8476305 605394
8476307 605393
8476309 605392
8476311 605391
8476313 605390
8476315 605389
8476317 605388
9081703 605390
9687093 605390
10292469 605373
10292471 605372
10292473 605371
10292475 605370
10292477 605369
10292479 605368
10292481 605367
10292483 605366
10897847 605368
11503215 605368
12108569 605351
12108571 605350
12108573 605349
12108575 605348
12108577 605347
12108579 605346
12108581 605345
12108583 605344
12713921 605350
13319271 605350
13924607 605333
13924609 605332
13924611 605331
13924613 605330
13924615 605329
13924617 605328
13924619 605327
13924621 605326
14529940 605333
15135273 605333
15740592 605316
15740594 605315
15740596 605314
15740598 605313
15740600 605312
15740602 605311
15740604 605310
15740606 605309
16345912 605312
16951224 605312
17556522 605295
17556524 605294
17556526 605293
17556528 605292
17556530 605291
17556532 605290
17556534 605289
17556536 605288
18161824
99
237724 1000000
242617 627225
262696 670400
304295 655439
329348 574142
336823 850036
346275 850119
368482 744212
392156 756107
393120 538472
475432 237705
475434 237704
475436 237703
475438 237702
475440 237701
475442 237700
475444 237699
475446 237698
475448 237697
713138 237704
950842 237704
992626 975402
1030674 670051
1072015 676769
1091346 810603
1127611 881287
1167172 678106
1171982 859847
1174842 970098
1180284 788184
1188530 237685
1188532 237684
1188534 237683
1188536 237682
1188538 237681
1188540 237680
1188542 237679
1188544 237678
1188546 237677
1426218 237682
1663900 237682
1696199 508255
1718677 564154
1722555 806522
1724137 885766
1758641 932081
1796672 650671
1803955 671156
1831928 789259
1842752 591569
1901566 237663
1901568 237662
1901570 237661
1901572 237660
1901574 237659
1901576 237658
1901578 237657
1901580 237656
1901582 237655
2139236 237656
2376892 237656
2398122 841709
2421655 926273
2421911 804760
2488479 685814
2504956 964336
2518746 786549
2570753 633147
2589475 734941
2613203 682843
2614532 237637
2614534 237636
2614536 237635
2614538 237634
2614540 237633
2614542 237632
2614544 237631
2614546 237630
2614548 237629
2852176 237630
3089806 237630
3105029 523794
3142448 503168
3143536 518532
3172482 991533
3245865 537968
3248912 590316
3269979 509903
3312717 793085
3316603 944478
3543384 226778
3543386 226777
3543388 226776
3543390 226775
3543392 226774
3543394 226773
3543396 226772
3543398 226771
3543400 226770
3770170
1
10 25
25
2
10 1000
100 10
110
99
415799 1000000
831564 415762
831566 415761
831568 415760
831570 415759
831572 415758
831574 415757
831576 415756
831578 415755
831580 415754
831582 415753
831584 415752
831586 415751
831588 415750
831590 415749
831592 415748
831594 415747
831596 415746
831598 415745
1247341 415747
1663088 415747
2078801 415710
2078803 415709
2078805 415708
2078807 415707
2078809 415706
2078811 415705
2078813 415704
2078815 415703
2078817 415702
2078819 415701
2078821 415700
2078823 415699
2078825 415698
2078827 415697
2078829 415696
2078831 415695
2078833 415694
2078835 415693
2494514 415707
2910221 415707
3325894 415670
3325896 415669
3325898 415668
3325900 415667
3325902 415666
3325904 415665
3325906 415664
3325908 415663
3325910 415662
3325912 415661
3325914 415660
3325916 415659
3325918 415658
3325920 415657
3325922 415656
3325924 415655
3325926 415654
3325928 415653
3741567 415666
4157234 415667
4572867 415630
4572869 415629
4572871 415628
4572873 415627
4572875 415626
4572877 415625
4572879 415624
4572881 415623
4572883 415622
4572885 415621
4572887 415620
4572889 415619
4572891 415618
4572893 415617
4572895 415616
4572897 415615
4572899 415614
4572901 415613
4988508 415619
5404127 415619
5819712 415582
5819714 415581
5819716 415580
5819718 415579
5819720 415578
5819722 415577
5819724 415576
5819726 415575
5819728 415574
5819730 415573
5819732 415572
5819734 415571
5819736 415570
5819738 415569
5819740 415568
5819742 415567
5819744 415566
5819746 415565
6235311
99
10 44
11 86
13 71
14 76
15 41
16 98
18 47
19 87
20 29
30 10
40 10
41 91
42 17
43 63
44 31
45 99
48 69
49 30
50 58
60 10
70 10
71 26
73 40
74 89
76 18
77 72
78 35
79 81
80 77
90 10
100 10
101 78
102 94
103 60
105 25
106 16
107 20
108 48
110 83
120 9
130 10
131 10
132 73
133 39
134 68
136 96
137 44
138 80
140 48
150 10
160 10
162 57
163 54
165 39
166 78
167 28
168 74
169 91
170 14
180 10
190 10
191 95
192 41
193 77
194 61
195 21
196 100
198 100
199 42
208 9
217 9
218 26
219 86
220 95
221 10
222 11
223 12
225 29
226 92
235 9
244 9
245 81
246 91
248 95
249 79
250 99
251 46
252 89
253 58
262 9
271 9
273 34
274 39
275 19
276 67
277 39
278 61
279 17
280 88
289
99
265001 1000000
266704 591734
269214 819628
271615 840482
272114 511758
273816 774890
275314 680605
277263 670906
279535 512544
283290 678084
284445 873612
308213 623918
309265 885277
316423 732401
332899 861849
347109 840940
354206 925583
355116 904406
356196 939304
360602 515639
361547 765768
362144 841767
363792 609835
377633 624525
378535 506189
391295 662200
399379 890865
404962 515240
411412 943529
411877 828207
412203 555482
431898 510230
436589 618938
447288 646033
449803 537637
456872 653877
463468 870780
467676 928571
471249 501790
471721 823876
480708 530210
482131 877909
485568 775731
491259 855729
499663 635681
511706 680904
512853 980880
523966 918905
524257 782168
524471 817637
529906 264902
529908 264901
529910 264900
529912 264899
529914 264898
529916 264897
529918 264896
529920 264895
529922 264894
529924 264893
529926 264892
529928 264891
529930 264890
529932 264889
529934 264888
529936 264887
529938 264886
529940 264885
529942 264884
529944 264883
529946 264882
529948 264881
529950 264880
529952 264879
529954 264878
529956 264877
529958 264876
529960 264875
529962 264874
529964 264873
529966 264872
529968 264871
529970 264870
529972 264869
529974 264868
529976 264867
529978 264866
529980 264865
529982 264864
529984 264863
529986 264862
529988 264861
529990 264860
529992 264859
529994 264858
529996 264857
529998 264856
530000 264855
530002 264854
794856
99
959631 1000000
1919168 959534
1919170 959533
1919172 959532
1919174 959531
1919176 959530
1919178 959529
1919180 959528
1919182 959527
1919184 959526
1919186 959525
1919188 959524
1919190 959523
1919192 959522
1919194 959521
1919196 959520
1919198 959519
1919200 959518
1919202 959517
1919204 959516
1919206 959515
1919208 959514
1919210 959513
1919212 959512
1919214 959511
1919216 959510
1919218 959509
1919220 959508
1919222 959507
1919224 959506
1919226 959505
1919228 959504
1919230 959503
1919232 959502
1919234 959501
1919236 959500
1919238 959499
1919240 959498
1919242 959497
1919244 959496
1919246 959495
1919248 959494
1919250 959493
1919252 959492
1919254 959491
1919256 959490
1919258 959489
1919260 959488
1919262 959487
2878709 959526
3838236 959527
4797669 959430
4797671 959429
4797673 959428
4797675 959427
4797677 959426
4797679 959425
4797681 959424
4797683 959423
4797685 959422
4797687 959421
4797689 959420
4797691 959419
4797693 959418
4797695 959417
4797697 959416
4797699 959415
4797701 959414
4797703 959413
4797705 959412
4797707 959411
4797709 959410
4797711 959409
4797713 959408
4797715 959407
4797717 959406
4797719 959405
4797721 959404
4797723 959403
4797725 959402
4797727 959401
4797729 959400
4797731 959399
4797733 959398
4797735 959397
4797737 959396
4797739 959395
4797741 959394
4797743 959393
4797745 959392
4797747 959391
4797749 959390
4797751 959389
4797753 959388
4797755 959387
4797757 959386
4797759 959385
4797761 959384
4797763 959383
5757146
7
10 10
15 5
20 9
25 5
30 10
35 5
40 10
45
99
10 23
11 97
12 16
13 18
15 52
16 80
17 12
18 18
19 30
28 9
37 9
38 14
39 25
40 80
42 58
43 66
44 64
45 85
46 65
55 9
64 9
65 51
66 37
67 12
68 97
70 37
71 87
72 20
73 52
82 9
91 9
92 63
93 48
94 10
95 83
96 12
97 11
99 98
100 26
109 9
118 9
119 63
121 59
122 42
123 59
124 80
125 51
126 14
127 34
136 9
145 9
146 39
147 76
148 80
150 27
151 64
152 59
153 65
154 43
163 9
172 9
173 30
174 50
175 81
177 45
178 19
179 30
180 33
181 15
190 9
199 9
200 27
202 84
203 41
204 24
205 18
206 68
207 53
208 58
217 9
226 9
227 48
229 33
230 50
231 12
232 36
233 84
234 20
235 31
244 9
253 9
254 23
255 63
256 10
257 85
259 98
260 22
261 11
262 86
271
99
828588 1000000
1657082 828491
1657084 828490
1657086 828489
1657088 828488
1657090 828487
1657092 828486
1657094 828485
1657096 828484
1657098 828483
1657100 828482
1657102 828481
1657104 828480
1657106 828479
1657108 828478
1657110 828477
1657112 828476
1657114 828475
1657116 828474
1657118 828473
1657120 828472
1657122 828471
1657124 828470
1657126 828469
1657128 828468
1657130 828467
1657132 828466
1657134 828465
1657136 828464
1657138 828463
1657140 828462
1657142 828461
1657144 828460
1657146 828459
1657148 828458
1657150 828457
1657152 828456
1657154 828455
1657156 828454
1657158 828453
1657160 828452
1657162 828451
1657164 828450
1657166 828449
1657168 828448
1657170 828447
1657172 828446
1657174 828445
1657176 828444
2485582 828482
3314064 828482
4142452 828385
4142454 828384
4142456 828383
4142458 828382
4142460 828381
4142462 828380
4142464 828379
4142466 828378
4142468 828377
4142470 828376
4142472 828375
4142474 828374
4142476 828373
4142478 828372
4142480 828371
4142482 828370
4142484 828369
4142486 828368
4142488 828367
4142490 828366
4142492 828365
4142494 828364
4142496 828363
4142498 828362
4142500 828361
4142502 828360
4142504 828359
4142506 828358
4142508 828357
4142510 828356
4142512 828355
4142514 828354
4142516 828353
4142518 828352
4142520 828351
4142522 828350
4142524 828349
4142526 828348
4142528 828347
4142530 828346
4142532 828345
4142534 828344
4142536 828343
4142538 828342
4142540 828341
4142542 828340
4142544 828339
4142546 828338
4970884
99
32764 1000000
65524 32757
65526 32756
65528 32755
98282 32756
131038 32756
163790 32749
163792 32748
163794 32747
196539 32749
229288 32749
262033 32742
262035 32741
262037 32740
294775 32742
327517 32742
360255 32735
360257 32734
360259 32733
392991 32734
425725 32734
458455 32727
458457 32726
458459 32725
491184 32725
523909 32725
556630 32718
556632 32717
556634 32716
589350 32716
622066 32716
654778 32709
654780 32708
654782 32707
687487 32709
720196 32709
752901 32702
752903 32701
752905 32700
785603 32702
818305 32702
851003 32695
851005 32694
851007 32693
883698 32695
916393 32695
949084 32688
949086 32687
949088 32686
981773 32687
1014460 32687
1047143 32680
1047145 32679
1047147 32678
1079823 32680
1112503 32680
1145179 32673
1145181 32672
1145183 32671
1177852 32673
1210525 32673
1243194 32666
1243196 32665
1243198 32664
1275860 32666
1308526 32666
1341188 32659
1341190 32658
1341192 32657
1373847 32659
1406506 32659
1439161 32652
1439163 32651
1439165 32650
1471814 32651
1504465 32651
1537112 32644
1537114 32643
1537116 32642
1569757 32643
1602400 32643
1635039 32636
1635041 32635
1635043 32634
1667675 32636
1700311 32636
1732943 32629
1732945 32628
1732947 32627
1765574 32627
1798201 32627
1830824 32620
1830826 32619
1830828 32618
1863445 32618
1896064 32619
1928679 32612
1928681 32611
1928683 32610
1961293
7
10 10
15 5
20 9
25 5
30 10
35 5
40 10
49
99
101413 1000000
101861 960230
102430 650973
103111 668750
106026 834651
107697 650083
108238 741093
109087 920481
113171 696331
123531 969652
123643 785711
131108 630943
138406 598927
142718 698942
145625 502220
148097 573310
153043 832340
163972 896545
169915 882540
176062 844490
180249 552209
185826 537128
189792 944038
192813 619303
198710 687570
295961 97248
295963 97247
295965 97246
295967 97245
295969 97244
295971 97243
295973 97242
295975 97241
295977 97240
295979 97239
295981 97238
295983 97237
295985 97236
295987 97235
295989 97234
295991 97233
295993 97232
295995 97231
295997 97230
295999 97229
296001 97228
296003 97227
296005 97226
296007 97225
393227 97230
490457 97230
499513 828154
501217 839988
501580 835614
504151 943313
507460 911459
507968 705936
508267 707577
514992 663923
524583 745232
531897 593538
546505 708230
548481 833518
553319 757481
562264 946765
563719 824849
566475 823330
567375 858332
568848 882746
569935 789205
573765 691748
583045 715890
585094 749754
585320 925105
586175 920897
681847 95669
681849 95668
681851 95667
681853 95666
681855 95665
681857 95664
681859 95663
681861 95662
681863 95661
681865 95660
681867 95659
681869 95658
681871 95657
681873 95656
681875 95655
681877 95654
681879 95653
681881 95652
681883 95651
681885 95650
681887 95649
681889 95648
681891 95647
681893 95646
777539
99
847925 1000000
1695836 847908
1695838 847907
1695840 847906
1695842 847905
1695844 847904
1695846 847903
1695848 847902
1695850 847901
2543751 847901
3391652 847901
4239539 847884
4239541 847883
4239543 847882
4239545 847881
4239547 847880
4239549 847879
4239551 847878
4239553 847877
5087428 847879
5935307 847879
6783172 847862
6783174 847861
6783176 847860
6783178 847859
6783180 847858
6783182 847857
6783184 847856
6783186 847855
7631041 847855
8478896 847855
9326737 847838
9326739 847837
9326741 847836
9326743 847835
9326745 847834
9326747 847833
9326749 847832
9326751 847831
10174580 847833
11022413 847833
11870232 847816
11870234 847815
11870236 847814
11870238 847813
11870240 847812
11870242 847811
11870244 847810
11870246 847809
12718048 847816
13565864 847816
14413666 847799
14413668 847798
14413670 847797
14413672 847796
14413674 847795
14413676 847794
14413678 847793
14413680 847792
15261465 847798
16109264 847799
16957049 847782
16957051 847781
16957053 847780
16957055 847779
16957057 847778
16957059 847777
16957061 847776
16957063 847775
17804835 847778
18652613 847778
19500377 847761
19500379 847760
19500381 847759
19500383 847758
19500385 847757
19500387 847756
19500389 847755
19500391 847754
20348139 847760
21195899 847760
22043645 847743
22043647 847742
22043649 847741
22043651 847740
22043653 847739
22043655 847738
22043657 847737
22043659 847736
22891394 847737
23739131 847737
24586854 847720
24586856 847719
24586858 847718
24586860 847717
24586862 847716
24586864 847715
24586866 847714
24586868 847713
25434581
5
100 100
105 5
110 5
112 2
114 2
120
23
10 15
11 25
12 55
13 45
14 69
15 59
16 26
17 50
18 12
19 16
20 70
30 10
40 10
41 27
42 80
43 92
44 49
45 27
46 96
47 25
48 56
49 69
50 20
60
2
10 10
11 10
21
95
119438 1000000
121971 587722
125444 777436
125854 593356
141818 936928
152909 860046
182002 535005
230884 670420
342318 111431
342320 111430
342322 111429
342324 111428
342326 111427
342328 111426
342330 111425
453751 111429
565180 111429
583778 827154
595102 585189
629321 958804
635669 902262
647159 582892
666824 963338
671129 722563
777066 105934
777068 105933
777070 105932
777072 105931
777074 105930
777076 105929
777078 105928
883002 105932
988934 105932
988941 646485
994970 808175
998918 934907
1020430 836523
1025873 697159
1040081 932841
1066020 707700
1094854 105917
1094856 105916
1094858 105915
1094860 105914
1094862 105913
1094864 105912
1094866 105911
1200771 105917
1306688 105917
1318616 627915
1330710 824763
1352633 715828
1367041 772642
1375229 892450
1388722 975256
1400080 967415
1493460 93377
1493462 93376
1493464 93375
1493466 93374
1493468 93373
1493470 93372
1493472 93371
1586843 93371
1680214 93371
1688103 860906
1697980 909185
1710710 555323
1714128 932524
1735522 973995
1761692 600079
1762898 505318
1773573 93356
1773575 93355
1773577 93354
1773579 93353
1773581 93352
1773583 93351
1773585 93350
1866931 93354
1960285 93354
2000104 655153
2007351 596712
2007734 662056
2025952 545211
2028209 637299
2029928 921504
2037801 782615
2053627 93339
2053629 93338
2053631 93337
2053633 93336
2053635 93335
2053637 93334
2053639 93333
2146972
1
200000000 300000000
400000000
