50
1000 9999
1014007 1919760
570608 698341
28407 49524
1011737 1834787
15734 35035
19079 39342
4096 7592
59414 76955
709715 724454
38 61
1096460 1908539
2627 5480
1347044 1935969
1073927 1943905
1174004 1174004
938 950
195 837
1080880 1940146
16 35
8031 9137
333510 527820
548 815
1 8
1030885 1982234
1064366 1974002
1066527 1933631
1113142 1953337
1009053 1921403
10000 10001
1422402 1965426
1084422 1937385
1055842 1969414
1092393 1938434
762386 762386
30459 56788
10 10
1682307 1992017
705047 768054
1027275 1965181
273299 416522
1034295 1917312
1717 7139
1059390 1627490
1036464 1948424
310714 315465
1401073 1664612
1056895 1997619
1015183 1959594
100000 999999
