50
24
0
0
2 4 22
0
2 1 3
2 7 17
0
2 23 6
1 14
2 18 12
0
2 11 5
2 20 10
0
2 19 8
2 24 13
2 21 16
0
0
0
0
2 2 9
0
0
24
0
2 6 9
2 24 15
0
0
0
2 4 13
2 5 20
2 1 7
0
1 10
0
2 12 18
0
2 14 22
0
0
2 17 3
0
2 16 2
2 19 8
2 23 11
1 11
0
24
1 17
0
1 16
0
1 12
2 5 9
1 11
2 22 1
1 12
1 16
0
0
1 4
2 18 15
1 2
0
0
1 2
2 21 7
1 4
1 11
1 17
2 20 13
2 3 10
25
1 10
1 10
1 10
1 10
1 10
1 10
1 10
1 10
1 10
0
1 10
1 10
1 10
1 10
1 10
1 10
1 10
1 10
1 10
1 10
1 10
1 10
1 10
1 10
1 10
25
1 21
1 19
1 25
1 8
1 3
1 7
1 18
0
1 17
1 2
1 15
1 11
1 9
1 5
1 10
1 12
1 20
1 4
1 6
1 14
1 16
1 23
1 13
1 1
1 24
25
1 4
1 5
1 25
1 2
1 16
1 15
1 22
1 19
1 23
1 12
1 10
1 8
2 14 20
1 9
1 3
1 11
1 6
1 17
1 18
0
1 1
1 24
1 21
1 20
1 7
25
0
0
2 5 2
0
0
1 20
0
2 13 16
2 25 12
0
2 19 22
1 4
1 7
0
0
1 23
2 6 21
2 24 3
2 8 18
0
2 1 10
2 9 17
0
1 14
1 15
25
1 7
1 11
1 12
2 2 22
1 7
2 3 17
0
1 7
2 6 16
1 7
1 7
1 7
2 20 19
1 7
1 25
2 18 15
1 21
1 1
1 8
1 14
1 7
2 5 10
2 13 4
2 9 23
1 7
24
1 22
1 21
0
1 24
1 10
1 23
1 20
1 16
1 1
1 8
2 9 2
1 3
1 17
1 6
1 12
1 13
1 3
1 19
1 15
1 4
1 14
1 7
1 5
1 18
20
0
10 3 1 9 20 7 15 14 12 11 10
0
10 3 1 9 20 7 15 14 12 11 10
10 3 1 9 20 7 15 14 12 11 10
10 3 1 9 20 7 15 14 12 11 10
0
10 3 1 9 20 7 15 14 12 11 10
0
0
0
0
10 3 1 9 20 7 15 14 12 11 10
0
0
10 3 1 9 20 7 15 14 12 11 10
10 3 1 9 20 7 15 14 12 11 10
10 3 1 9 20 7 15 14 12 11 10
10 3 1 9 20 7 15 14 12 11 10
0
50
2 12 16
0
2 44 19
0
2 45 28
0
0
0
2 15 27
0
0
0
2 4 17
0
0
2 11 48
2 22 43
2 2 13
1 49
2 6 35
0
0
0
0
2 10 50
2 24 20
2 23 1
2 39 25
2 8 9
0
0
2 7 29
0
2 47 40
2 31 37
2 14 34
2 38 3
0
0
2 21 18
0
2 46 32
2 30 5
0
0
0
0
2 41 36
0
2 33 26
50
0
2 42 26
0
0
0
0
0
2 29 33
0
0
0
0
2 6 25
2 46 21
2 12 37
0
0
2 4 20
2 3 48
2 7 22
2 16 2
2 5 13
0
2 50 8
2 44 14
2 1 41
2 10 18
0
0
0
1 28
0
2 11 40
0
2 39 15
2 17 27
2 32 24
0
0
2 23 47
2 9 43
0
2 30 35
0
1 31
0
2 34 49
2 45 31
2 38 19
0
48
0
0
0
1 36
1 42
2 19 38
1 45
1 3
1 32
0
0
1 11
1 43
2 40 13
0
1 10
1 3
2 44 9
1 30
1 1
2 46 20
1 2
2 22 26
2 35 4
1 10
1 2
1 15
2 16 25
2 41 12
0
2 39 5
0
1 45
1 15
1 36
0
2 33 7
1 30
1 42
1 43
1 11
0
0
1 32
0
1 1
2 8 17
2 34 27
50
1 15
1 15
1 15
1 15
1 15
1 15
1 15
1 15
1 15
1 15
1 15
1 15
1 15
1 15
0
1 15
1 15
1 15
1 15
1 15
1 15
1 15
1 15
1 15
1 15
1 15
1 15
1 15
1 15
1 15
1 15
1 15
1 15
1 15
1 15
1 15
1 15
1 15
1 15
1 15
1 15
1 15
1 15
1 15
1 15
1 15
1 15
1 15
1 15
1 15
50
1 12
1 41
1 49
1 19
1 1
1 46
1 16
1 3
1 13
1 47
1 30
1 10
1 28
1 37
1 34
1 45
1 35
1 29
1 44
1 17
1 38
1 23
1 25
1 48
1 32
1 18
1 8
0
1 9
1 33
1 42
1 31
1 14
1 50
1 40
1 26
1 15
1 20
1 43
1 5
1 11
1 36
1 24
1 21
1 39
1 4
1 27
1 6
1 22
1 7
50
1 3
1 39
1 5
1 29
1 14
1 10
1 41
1 47
1 22
1 40
1 28
1 17
1 7
1 48
1 31
1 1
1 9
1 16
2 43 48
1 21
1 26
1 36
1 20
1 37
1 46
1 27
1 34
1 44
1 23
1 38
1 35
1 45
1 18
1 49
1 6
1 15
1 13
1 50
1 4
1 24
1 42
1 8
1 30
1 33
1 12
1 2
1 25
0
1 11
1 32
50
2 43 33
0
1 40
2 17 1
0
0
2 39 26
0
2 30 36
1 46
2 21 18
2 23 24
1 5
0
0
0
1 2
2 12 35
0
2 31 27
2 38 4
1 47
1 29
1 6
0
1 50
2 44 41
0
0
2 32 45
1 19
2 10 37
0
1 14
2 34 48
2 7 20
1 8
2 42 13
1 16
0
0
1 25
0
0
2 3 22
0
0
2 15 28
2 9 11
0
50
1 24
1 42
1 42
1 27
2 36 30
1 42
2 34 20
1 2
2 45 35
1 42
1 42
2 49 46
1 42
1 26
1 42
2 47 4
2 31 19
1 42
2 6 11
1 42
2 1 7
2 5 38
1 10
1 42
1 13
1 42
1 42
2 22 9
1 39
2 14 48
1 18
2 41 23
1 42
1 42
2 16 17
2 8 25
2 29 43
2 12 21
1 42
1 42
1 40
0
1 3
1 42
2 37 32
1 33
1 44
1 50
1 15
1 42
50
1 20
1 7
1 29
1 44
1 9
1 40
1 18
1 35
1 42
1 1
1 5
1 46
1 16
1 21
1 36
1 41
1 39
1 8
1 34
0
1 47
1 17
1 37
1 13
1 26
1 23
1 6
2 15 50
1 25
1 3
1 24
1 45
1 30
1 4
1 19
1 27
1 38
1 43
1 20
1 32
1 33
1 14
1 10
1 11
1 31
1 2
1 49
1 12
1 22
1 48
50
10 8 38 19 4 32 7 13 35 21 5
10 39 30 26 1 43 36 41 31 25 50
10 39 30 26 1 43 36 41 31 25 50
10 6 9 42 17 45 47 16 10 33 49
10 6 9 42 17 45 47 16 10 33 49
10 14 28 27 20 37 12 18 44 23 22
10 6 9 42 17 45 47 16 10 33 49
10 6 9 42 17 45 47 16 10 33 49
10 14 28 27 20 37 12 18 44 23 22
10 14 28 27 20 37 12 18 44 23 22
10 39 30 26 1 43 36 41 31 25 50
0
10 6 9 42 17 45 47 16 10 33 49
0
10 39 30 26 1 43 36 41 31 25 50
10 14 28 27 20 37 12 18 44 23 22
10 14 28 27 20 37 12 18 44 23 22
0
10 6 9 42 17 45 47 16 10 33 49
0
10 6 9 42 17 45 47 16 10 33 49
0
0
10 39 30 26 1 43 36 41 31 25 50
10 8 38 19 4 32 7 13 35 21 5
10 8 38 19 4 32 7 13 35 21 5
0
0
10 39 30 26 1 43 36 41 31 25 50
10 8 38 19 4 32 7 13 35 21 5
10 8 38 19 4 32 7 13 35 21 5
10 6 9 42 17 45 47 16 10 33 49
10 14 28 27 20 37 12 18 44 23 22
10 39 30 26 1 43 36 41 31 25 50
10 6 9 42 17 45 47 16 10 33 49
10 8 38 19 4 32 7 13 35 21 5
0
10 6 9 42 17 45 47 16 10 33 49
10 8 38 19 4 32 7 13 35 21 5
10 39 30 26 1 43 36 41 31 25 50
10 8 38 19 4 32 7 13 35 21 5
10 14 28 27 20 37 12 18 44 23 22
10 8 38 19 4 32 7 13 35 21 5
0
10 14 28 27 20 37 12 18 44 23 22
10 39 30 26 1 43 36 41 31 25 50
10 14 28 27 20 37 12 18 44 23 22
10 39 30 26 1 43 36 41 31 25 50
10 14 28 27 20 37 12 18 44 23 22
10 8 38 19 4 32 7 13 35 21 5
5
1 4
1 5
0
2 5 3
0
5
2 2 4
0
0
0
2 2 3
5
1 3
0
0
2 1 5
1 1
5
1 4
0
1 1
0
2 3 2
5
1 3
0
1 2
2 5 2
0
42
0
2 16 17
0
1 28
1 19
0
0
5 22 42 6 32 10
1 32
1 7
2 1 17
2 7 30
1 30
3 19 6 22
0
3 14 26 17
0
0
0
0
0
0
1 18
2 1 7
2 30 17
1 14
2 19 38
2 7 6
2 13 21
0
0
0
1 9
0
1 28
0
1 20
1 13
2 23 26
1 13
0
1 28
40
2 12 10
2 4 12
1 38
1 27
1 34
2 33 10
0
4 29 22 28 10
1 34
0
0
2 4 3
0
2 36 13
2 39 11
0
2 28 33
1 39
0
1 17
0
0
3 10 8 16
3 33 36 30
4 37 40 20 11
0
0
1 3
0
1 27
0
1 30
0
1 10
2 16 28
0
0
0
0
0
43
0
1 1
1 4
0
0
0
1 42
4 39 2 33 25
4 36 15 8 35
0
0
0
2 30 15
0
1 6
0
3 31 15 36
2 42 22
1 4
0
0
0
0
0
2 27 7
1 10
2 31 35
1 4
0
2 31 22
2 1 26
0
1 4
3 4 20 6
1 10
0
2 42 35
2 20 22
0
0
3 19 39 42
0
1 6
47
0
0
2 1 40
2 35 11
0
1 13
4 26 47 32 39
1 33
1 35
0
0
1 9
0
1 11
2 13 34
3 1 31 36
0
0
1 43
0
2 13 28
2 15 3
1 25
4 38 34 13 25
0
0
0
0
0
1 35
3 11 13 41
2 33 20
0
2 26 37
0
2 4 24
0
0
0
0
0
3 28 35 1
0
0
3 17 10 25
2 13 6
1 37
47
1 34
1 22
0
0
3 4 7 6
0
0
1 7
2 26 22
1 27
0
1 35
3 27 45 1
0
2 37 19
1 19
0
0
2 34 43
0
1 34
0
0
1 2
0
2 22 23
1 21
0
0
2 2 22
1 30
1 3
0
1 29
1 29
2 41 45
0
1 21
1 19
4 30 18 33 10
3 3 35 17
2 7 34
0
2 39 12
1 20
1 33
1 41
47
1 20
0
3 25 5 45
3 40 45 7
0
1 8
0
1 10
1 38
0
1 5
0
0
1 28
0
0
1 24
1 47
0
0
0
1 34
0
0
0
3 14 21 10
3 36 22 9
0
2 31 9
4 44 23 13 4
0
0
1 29
2 5 2
0
0
0
0
5 8 11 7 4 3
2 38 24
4 24 33 14 42
0
1 10
1 8
1 29
1 42
2 25 35
49
3 35 49 42
0
0
0
2 19 13
1 15
0
3 33 12 9
1 19
0
1 36
1 30
0
2 23 10
0
1 49
1 33
0
2 18 33
3 31 34 39
1 23
3 31 41 25
1 32
0
0
0
0
0
2 30 21
1 39
2 19 39
0
1 2
0
2 33 19
2 15 18
0
2 21 7
0
2 2 13
2 37 38
0
0
2 26 31
3 14 30 18
0
1 21
1 10
0
43
1 25
1 30
0
1 40
4 31 11 6 1
2 36 23
1 2
1 34
0
0
0
0
0
0
1 12
1 27
0
0
0
2 34 23
1 17
0
1 29
2 3 1
1 18
0
0
0
1 34
0
0
1 34
0
0
1 22
2 20 30
0
2 31 22
0
0
0
0
1 28
43
0
1 5
0
1 15
1 6
0
0
1 17
1 23
0
0
0
0
3 40 26 31
0
0
0
1 1
2 6 36
1 42
0
0
0
0
0
3 36 2 35
1 34
0
0
1 24
0
1 13
2 13 20
0
0
1 7
1 1
1 24
2 16 4
0
2 13 36
0
1 42
49
1 23
3 24 33 7
0
0
0
3 23 32 18
0
3 44 11 18
1 11
1 46
0
0
0
0
1 48
0
1 42
1 14
1 26
1 31
1 6
0
0
1 27
0
0
1 42
0
0
1 49
1 44
0
0
1 5
0
0
0
1 25
1 5
0
1 46
0
0
3 26 16 12
1 8
0
2 42 24
0
0
46
2 14 44
0
0
3 35 24 45
0
1 38
0
1 11
0
0
0
0
0
0
0
0
0
1 15
1 14
0
1 12
1 12
1 46
4 5 10 2 15
0
2 23 15
1 37
1 39
0
2 33 10
0
2 42 2
0
0
0
2 21 35
0
0
1 38
0
0
0
0
0
1 2
2 37 38
41
1 3
0
0
0
1 31
0
2 17 33
0
0
2 41 1
0
0
1 40
0
0
4 11 13 15 23
0
0
0
1 34
0
1 15
2 2 3
1 8
1 3
1 34
1 34
2 33 41
0
0
0
1 27
0
1 21
0
0
0
1 31
1 30
0
2 29 5
42
1 28
0
1 34
0
3 34 40 20
0
1 2
2 18 20
0
2 6 20
1 2
0
1 32
0
0
1 25
0
0
3 23 35 10
0
0
2 9 20
0
0
0
0
0
0
1 22
0
1 15
1 17
0
0
0
2 4 16
0
3 34 29 21
0
0
1 27
1 21
41
0
0
1 38
0
2 35 32
0
1 19
0
0
0
0
2 36 32
1 34
0
0
1 6
1 37
0
0
1 39
2 30 37
0
1 7
1 8
3 27 5 40
1 39
0
0
1 26
0
0
0
0
1 4
0
1 18
0
0
0
4 30 20 37 39
2 15 36
43
0
0
1 5
1 12
0
1 9
1 8
0
1 18
2 27 8
2 3 16
0
1 2
0
1 36
0
0
0
0
0
1 29
0
0
2 5 14
0
0
0
1 10
0
1 22
0
1 25
1 18
1 18
2 3 9
1 33
2 6 18
0
3 13 34 9
0
0
0
1 33
48
0
0
0
1 22
0
0
1 1
2 3 9
1 32
1 29
0
1 8
1 3
0
0
3 10 1 42
0
0
0
1 32
0
2 1 25
0
0
0
0
1 33
2 37 21
1 41
3 45 36 7
1 9
1 22
2 2 1
0
2 20 24
2 24 48
0
0
1 38
0
0
1 31
0
1 24
0
0
0
0
49
0
0
0
0
0
1 47
1 9
1 12
0
0
2 3 20
0
2 39 17
0
0
1 24
0
0
2 16 12
0
0
1 8
0
0
1 27
3 30 14 43
1 41
1 16
0
1 47
2 19 18
1 14
1 47
0
0
2 5 24
2 24 39
0
0
0
1 47
0
0
0
1 40
1 1
0
1 15
2 23 43
47
1 16
1 24
1 42
0
1 7
0
0
0
0
1 19
0
1 4
3 47 18 38
0
0
0
2 22 44
0
0
2 34 17
1 22
1 7
1 19
1 28
0
0
0
0
0
1 38
0
0
1 35
1 31
0
3 45 8 40
0
1 26
2 29 11
3 43 25 11
0
0
0
0
0
1 4
1 10
44
0
0
1 35
0
0
0
1 25
1 38
0
0
1 30
1 24
0
0
0
0
0
1 22
0
0
1 7
0
1 15
0
0
0
0
0
0
0
2 38 34
0
0
0
0
0
0
0
2 3 20
0
1 34
0
0
1 14
47
0
1 20
1 39
1 32
0
1 32
1 14
1 21
1 1
0
0
0
0
0
1 18
0
0
0
0
0
1 16
0
0
2 19 20
0
1 28
0
0
0
0
0
0
0
0
2 33 30
0
1 43
0
0
0
0
0
0
0
0
0
0
46
0
0
1 40
0
0
0
0
0
1 27
1 43
2 24 41
0
0
0
0
0
0
0
0
0
0
0
0
0
0
0
0
1 22
0
0
0
1 37
1 30
2 27 13
1 8
1 13
0
0
0
0
0
0
0
1 26
2 27 44
0
40
0
0
0
0
0
1 28
0
0
0
0
0
0
2 31 18
0
0
0
0
0
0
1 13
0
1 17
0
0
1 39
1 15
0
0
1 10
0
0
0
0
0
1 9
0
1 4
0
1 10
2 3 38
42
0
1 23
0
0
1 3
0
0
1 14
0
0
0
1 39
0
0
0
0
2 14 22
0
0
0
0
0
0
0
0
0
2 6 41
0
0
1 7
0
0
1 29
1 17
0
1 39
1 1
0
0
0
1 14
0
47
0
1 36
0
0
0
0
0
0
1 20
0
0
1 5
2 26 2
0
1 23
0
1 45
0
1 7
0
1 2
1 6
0
0
1 15
0
1 31
0
0
0
1 30
1 31
0
0
0
0
0
0
0
0
0
0
0
1 6
0
0
0
49
1 8
1 13
0
0
0
0
0
0
0
0
1 42
1 47
0
0
0
0
0
0
0
1 1
0
2 44 33
1 41
1 42
1 34
0
0
0
0
0
2 10 6
1 27
1 34
0
0
0
0
1 26
0
0
0
0
0
0
0
1 20
0
0
0
