50
24
0
0
0
2 1 5
2 18 21
0
2 20 15
2 24 4
0
2 3 11
2 19 17
2 23 7
0
1 16
2 9 8
0
2 13 14
0
0
0
2 2 22
2 6 10
0
0
24
2 15 13
0
1 6
2 2 24
2 12 17
0
0
0
0
0
2 7 18
0
2 10 23
0
0
2 9 4
2 21 16
2 8 1
1 3
0
0
2 19 3
2 14 5
2 20 22
24
1 14
1 17
1 21
0
1 4
2 22 15
2 5 9
1 13
1 4
2 8 20
2 3 16
2 23 1
0
0
1 18
1 21
0
0
1 17
1 13
0
1 18
1 14
2 19 2
25
1 20
1 20
1 20
1 20
1 20
1 20
1 20
1 20
1 20
1 20
1 20
1 20
1 20
1 20
1 20
1 20
1 20
1 20
1 20
0
1 20
1 20
1 20
1 20
1 20
25
1 2
1 23
1 7
1 6
1 1
1 18
1 4
1 14
1 11
1 20
1 17
1 8
0
1 9
1 19
1 24
1 22
1 5
1 10
1 21
1 16
1 25
1 15
1 12
1 13
25
1 8
1 15
1 22
2 17 14
1 13
1 12
1 1
1 5
1 21
1 19
1 2
1 23
1 6
0
1 20
1 14
1 10
1 16
1 7
1 25
1 11
1 9
1 24
1 3
1 18
25
0
0
1 7
1 14
2 16 21
2 4 12
0
2 6 5
0
0
1 1
1 22
0
0
0
1 2
2 15 9
2 19 25
2 11 3
2 8 18
2 23 13
0
0
1 10
2 24 17
25
2 17 21
1 16
1 4
1 24
1 24
1 5
1 24
2 9 1
2 6 13
1 24
1 12
1 24
1 23
2 22 8
1 19
1 24
1 7
1 24
1 24
2 15 3
2 10 18
2 20 25
1 24
0
2 2 11
24
0
1 13
1 12
2 20 21
1 7
1 18
1 3
1 23
1 1
1 17
1 16
1 19
1 8
1 6
1 11
1 2
1 24
1 9
1 22
1 10
1 5
1 14
1 1
1 15
20
10 3 14 15 13 9 12 16 8 17 20
10 3 14 15 13 9 12 16 8 17 20
0
10 3 14 15 13 9 12 16 8 17 20
10 3 14 15 13 9 12 16 8 17 20
10 3 14 15 13 9 12 16 8 17 20
10 3 14 15 13 9 12 16 8 17 20
0
0
10 3 14 15 13 9 12 16 8 17 20
10 3 14 15 13 9 12 16 8 17 20
0
0
0
0
0
0
10 3 14 15 13 9 12 16 8 17 20
10 3 14 15 13 9 12 16 8 17 20
0
50
2 28 16
0
0
2 15 43
2 29 32
0
2 3 5
0
0
0
0
0
2 9 7
0
0
2 27 22
0
0
2 2 48
2 11 4
2 35 13
2 37 21
0
2 38 30
0
0
0
0
0
2 23 20
2 10 47
2 45 19
2 12 31
0
0
2 14 41
0
0
2 6 40
1 8
2 17 46
0
2 34 39
0
0
2 42 50
2 18 24
2 44 49
2 25 33
2 26 1
50
1 42
0
0
2 5 25
0
2 32 19
2 27 18
0
0
0
0
0
0
2 34 6
0
2 31 48
2 50 33
2 9 17
2 13 16
2 1 42
0
2 3 24
2 49 14
2 10 44
2 30 37
0
0
2 21 41
0
0
0
0
2 36 22
0
2 46 7
0
2 15 20
0
2 8 35
0
2 2 23
1 29
2 11 39
2 26 45
2 40 28
0
2 38 43
2 12 4
0
0
48
0
1 8
1 23
1 1
0
1 13
1 36
0
2 6 40
1 25
2 10 19
0
0
2 42 46
1 33
2 28 43
1 23
1 20
1 25
0
2 18 34
1 36
0
0
0
1 12
2 29 26
1 24
1 12
2 47 4
1 45
2 2 35
0
1 20
1 8
0
2 22 7
2 17 3
1 45
1 13
2 15 48
1 5
1 24
2 39 31
0
1 5
1 1
1 33
50
1 19
1 19
1 19
1 19
1 19
1 19
1 19
1 19
1 19
1 19
1 19
1 19
1 19
1 19
1 19
1 19
1 19
1 19
0
1 19
1 19
1 19
1 19
1 19
1 19
1 19
1 19
1 19
1 19
1 19
1 19
1 19
1 19
1 19
1 19
1 19
1 19
1 19
1 19
1 19
1 19
1 19
1 19
1 19
1 19
1 19
1 19
1 19
1 19
1 19
50
1 16
1 10
1 20
1 13
1 49
1 33
1 48
1 23
1 3
1 7
1 22
1 26
1 44
1 21
1 5
1 42
1 45
1 30
1 40
1 35
1 28
1 43
1 9
1 38
1 24
1 25
1 2
1 27
1 19
1 12
1 8
1 47
1 37
1 17
1 50
1 15
1 31
1 1
1 36
1 11
1 29
1 6
1 14
0
1 46
1 39
1 4
1 18
1 32
1 34
50
1 20
1 1
1 38
1 9
1 13
1 19
1 46
1 28
1 25
2 30 25
1 47
1 2
1 36
1 6
1 37
1 23
1 26
1 21
1 18
1 15
1 50
1 45
1 40
1 34
0
1 24
1 31
1 29
1 4
1 33
1 16
1 39
1 14
1 3
1 8
1 32
1 17
1 35
1 11
1 49
1 44
1 7
1 22
1 42
1 5
1 48
1 12
1 43
1 41
1 27
50
2 23 18
2 43 50
0
2 22 29
0
2 21 35
0
2 9 36
1 16
0
0
0
2 31 28
2 40 25
1 27
0
2 34 6
1 41
0
1 37
0
1 7
1 19
2 33 20
1 11
2 4 17
0
2 10 12
1 5
2 15 48
1 45
0
1 46
1 32
0
1 3
0
2 8 30
2 14 13
1 49
0
0
2 47 38
0
0
0
2 24 1
2 44 42
0
2 39 26
50
1 24
1 24
2 6 28
1 26
2 37 30
2 18 47
1 24
2 9 11
1 10
1 24
1 42
2 25 43
1 15
1 1
1 24
1 24
1 24
1 16
1 24
1 24
1 49
2 8 35
2 7 33
0
1 46
1 24
1 2
2 13 21
1 24
2 50 20
2 22 44
2 38 48
1 24
1 45
2 14 4
2 3 32
1 19
2 34 39
1 17
2 36 31
1 24
1 24
1 41
2 12 5
1 24
1 24
1 29
2 27 23
1 24
1 24
50
1 29
1 14
1 1
1 40
1 33
1 50
1 17
1 21
1 3
1 36
1 25
1 36
1 7
1 49
1 4
1 5
1 37
1 22
1 26
1 48
1 23
1 42
1 41
1 45
1 19
1 46
1 31
1 8
1 15
1 27
1 18
1 39
1 12
2 44 28
1 9
0
1 6
1 2
1 47
1 32
1 43
1 35
1 30
1 13
1 16
1 24
1 10
1 11
1 20
1 38
50
10 35 32 49 19 17 28 47 43 26 11
10 39 10 33 38 16 1 42 3 23 46
10 35 32 49 19 17 28 47 43 26 11
0
10 39 10 33 38 16 1 42 3 23 46
0
0
10 39 10 33 38 16 1 42 3 23 46
10 39 10 33 38 16 1 42 3 23 46
10 35 32 49 19 17 28 47 43 26 11
10 13 24 18 31 20 41 30 44 34 14
0
10 4 6 25 45 50 12 40 22 7 36
10 4 6 25 45 50 12 40 22 7 36
10 39 10 33 38 16 1 42 3 23 46
10 35 32 49 19 17 28 47 43 26 11
10 13 24 18 31 20 41 30 44 34 14
10 4 6 25 45 50 12 40 22 7 36
10 13 24 18 31 20 41 30 44 34 14
10 4 6 25 45 50 12 40 22 7 36
10 39 10 33 38 16 1 42 3 23 46
0
10 35 32 49 19 17 28 47 43 26 11
10 4 6 25 45 50 12 40 22 7 36
0
10 13 24 18 31 20 41 30 44 34 14
10 39 10 33 38 16 1 42 3 23 46
10 13 24 18 31 20 41 30 44 34 14
10 39 10 33 38 16 1 42 3 23 46
10 4 6 25 45 50 12 40 22 7 36
10 4 6 25 45 50 12 40 22 7 36
10 13 24 18 31 20 41 30 44 34 14
10 35 32 49 19 17 28 47 43 26 11
10 4 6 25 45 50 12 40 22 7 36
10 13 24 18 31 20 41 30 44 34 14
0
10 39 10 33 38 16 1 42 3 23 46
10 35 32 49 19 17 28 47 43 26 11
10 35 32 49 19 17 28 47 43 26 11
0
10 4 6 25 45 50 12 40 22 7 36
10 35 32 49 19 17 28 47 43 26 11
10 13 24 18 31 20 41 30 44 34 14
10 4 6 25 45 50 12 40 22 7 36
0
10 35 32 49 19 17 28 47 43 26 11
10 13 24 18 31 20 41 30 44 34 14
10 39 10 33 38 16 1 42 3 23 46
10 13 24 18 31 20 41 30 44 34 14
0
5
0
0
2 2 5
2 3 5
0
5
0
1 3
0
2 5 1
1 3
5
1 4
0
2 2 1
1 5
0
5
0
0
1 5
2 1 5
1 2
5
0
3 3 1 5
0
1 5
0
40
2 18 3
2 12 6
1 39
0
2 31 10
0
3 31 13 39
3 15 16 5
0
0
0
3 22 10 38
0
1 13
2 39 10
2 38 26
1 39
0
1 35
0
2 26 5
0
0
1 23
0
1 23
1 38
2 24 11
1 38
0
0
0
2 12 31
2 17 36
0
1 25
1 14
0
0
3 24 20 9
46
3 22 16 33
0
2 8 23
0
2 38 8
3 8 33 13
0
0
5 21 4 8 2 27
2 39 11
0
2 22 34
1 39
2 18 23
0
1 15
0
2 29 24
0
2 8 27
3 30 43 12
1 40
0
0
1 43
1 7
0
0
0
0
0
3 25 2 8
0
0
0
0
3 30 36 42
1 44
0
1 24
1 11
2 40 33
0
1 23
0
1 35
46
0
2 8 26
2 13 4
1 10
0
2 1 11
4 27 15 1 11
0
0
0
0
2 16 18
1 46
4 5 6 24 28
1 44
1 33
1 19
1 19
0
1 10
1 26
2 43 8
2 20 10
0
0
0
2 22 9
0
1 35
3 5 4 39
0
1 39
0
0
0
2 3 17
0
1 20
1 35
0
1 40
1 26
2 12 23
0
3 44 42 8
0
40
0
1 1
0
2 38 18
1 8
0
1 15
2 17 30
0
1 17
1 27
1 39
4 2 21 23 39
1 10
0
2 38 32
0
1 28
1 2
0
0
1 5
1 39
2 17 10
0
0
1 28
2 21 15
1 20
0
2 20 28
0
0
1 30
2 26 28
5 34 25 2 33 3
1 26
0
0
2 30 8
43
0
0
0
3 8 39 37
0
0
1 41
2 28 11
2 31 34
1 3
2 25 24
1 33
2 1 31
2 28 34
1 5
0
2 16 33
0
0
3 41 26 38
2 40 28
0
2 28 2
1 6
0
0
0
0
1 40
1 24
1 28
1 36
1 16
1 31
3 19 9 14
0
1 6
0
2 40 30
1 41
0
1 15
2 1 26
48
0
1 10
1 34
3 44 7 19
0
1 1
0
1 10
0
0
2 8 23
0
1 1
0
0
0
0
3 6 21 9
2 30 27
2 24 34
1 10
1 24
0
2 30 18
1 13
0
0
0
0
0
0
1 9
0
2 23 40
1 40
2 18 38
1 7
2 10 5
3 25 16 1
2 14 38
0
1 44
3 13 7 10
1 1
5 43 19 1 22 12
1 23
1 5
0
45
0
1 21
0
1 34
1 38
1 3
1 11
0
1 25
1 44
0
0
2 43 36
0
1 21
0
1 24
4 9 10 21 11
2 15 14
0
0
0
1 7
1 12
0
2 5 18
3 11 34 7
3 25 24 27
0
2 12 22
1 26
3 35 30 17
2 25 9
0
2 30 45
0
4 11 43 15 1
0
1 30
0
0
2 4 44
0
0
1 14
43
0
1 30
0
0
0
3 2 22 21
0
0
0
0
3 30 2 22
1 24
0
0
2 30 42
0
0
0
1 1
1 6
1 42
0
0
0
2 31 9
3 33 7 23
1 32
0
0
0
0
0
0
0
0
1 17
0
1 41
1 3
1 35
1 21
1 31
3 9 23 18
48
0
1 47
2 21 38
1 29
0
1 12
0
0
0
2 35 12
1 28
0
2 47 38
1 25
0
2 23 8
1 44
0
0
0
2 1 39
0
0
1 23
0
0
1 36
1 35
0
0
2 18 40
1 29
1 36
2 25 8
0
0
0
0
0
0
2 43 45
4 35 28 29 32
0
0
0
1 27
0
0
49
3 36 9 39
1 45
2 8 44
0
0
0
1 28
1 39
0
0
1 40
0
1 3
0
0
1 41
0
1 4
0
0
0
1 44
3 49 4 8
0
1 17
0
0
2 12 19
1 45
0
0
0
0
2 37 42
1 46
1 32
0
1 42
1 41
0
0
1 30
0
0
1 36
0
1 49
2 14 26
1 16
41
2 32 28
0
2 19 22
1 28
0
0
0
0
1 2
0
1 27
3 28 26 41
1 10
0
0
0
0
0
0
0
1 6
0
1 6
0
2 24 27
0
0
1 25
0
1 23
1 29
0
0
0
2 23 22
2 20 41
0
1 26
2 41 22
1 29
1 15
49
0
2 38 14
0
1 22
0
1 26
0
1 31
1 19
0
0
0
0
1 44
1 32
2 7 4
0
1 25
1 11
0
1 25
0
2 25 26
0
0
1 36
1 32
1 20
3 3 32 36
0
0
0
0
1 15
2 27 48
0
2 7 22
0
0
1 44
2 38 13
1 31
0
1 32
0
0
0
0
1 30
40
1 24
1 16
2 8 26
0
0
0
0
1 35
0
0
1 40
0
1 34
3 35 21 7
0
0
0
2 5 4
1 31
0
0
0
0
1 8
1 30
0
0
1 11
1 5
0
1 40
4 14 15 7 31
0
0
0
0
0
0
4 6 25 3 4
0
48
0
0
0
0
0
2 44 16
1 40
2 36 44
1 20
1 45
0
0
1 32
1 28
1 45
0
0
2 4 42
0
2 35 44
1 17
1 44
2 46 21
2 35 11
1 36
0
0
0
0
0
1 7
1 2
2 44 26
1 25
1 2
0
0
0
0
0
0
0
0
1 36
1 36
1 17
1 42
1 24
46
1 38
2 3 34
0
0
1 43
1 31
0
0
0
0
1 32
0
1 8
1 38
0
0
0
0
0
1 9
2 36 23
1 15
0
0
3 31 30 26
0
4 19 10 14 31
0
0
0
0
0
1 7
0
2 1 12
0
0
1 6
1 42
0
1 8
2 16 33
0
0
1 3
2 15 44
42
0
4 6 16 9 10
1 40
0
0
0
0
1 21
0
1 36
1 39
1 31
1 32
0
0
0
1 11
0
1 32
1 3
1 20
1 19
0
0
1 14
0
0
2 37 7
2 31 36
2 24 1
1 32
0
1 9
1 13
0
0
1 40
1 14
0
0
1 15
0
42
0
1 27
0
1 5
0
3 41 30 16
1 35
1 32
1 13
2 3 9
0
0
0
0
1 1
1 19
0
1 2
0
1 41
0
0
0
1 32
2 16 34
1 23
0
0
1 36
0
0
0
2 24 38
0
0
2 27 18
0
0
1 38
1 11
0
3 9 15 5
41
0
0
0
0
0
0
0
0
1 37
2 1 32
1 36
0
2 8 21
2 40 29
1 37
1 37
0
1 16
0
0
0
1 23
2 41 33
0
1 6
0
1 12
0
2 8 9
0
1 21
0
0
3 26 17 18
2 30 12
0
0
1 30
0
0
2 33 6
48
0
0
1 5
0
0
0
0
0
1 37
2 12 37
1 14
2 44 16
0
1 17
0
0
0
0
0
1 5
0
0
0
2 34 13
0
0
0
0
0
0
0
0
1 47
0
0
2 13 16
0
0
0
0
0
0
0
1 14
1 26
0
0
0
44
0
4 3 35 33 29
0
0
0
0
1 33
0
0
0
0
0
1 43
1 43
0
0
0
0
0
0
0
0
1 25
0
0
0
0
0
2 18 21
0
0
0
1 21
0
0
0
0
2 40 31
0
0
0
1 16
0
0
46
1 33
0
1 8
0
1 35
0
0
0
0
0
0
1 19
1 34
0
0
2 32 44
0
0
0
0
0
0
0
0
0
0
0
0
0
0
0
0
0
2 16 33
0
0
0
0
0
0
2 19 24
2 20 32
1 41
0
1 12
0
48
0
0
0
0
1 39
0
1 43
0
0
1 9
1 42
0
3 26 38 36
0
0
0
0
0
0
1 28
0
1 10
0
0
0
0
0
0
1 30
0
0
0
1 30
0
0
0
2 12 48
0
1 38
1 34
0
0
0
0
0
1 30
0
0
49
0
1 6
0
0
1 26
0
0
0
0
1 12
0
0
0
0
0
0
1 47
0
2 20 1
0
0
0
3 34 38 3
0
0
0
0
0
0
0
0
1 22
0
0
0
0
1 48
0
1 32
0
0
0
1 30
0
1 21
1 7
0
0
1 25
43
1 25
0
1 4
0
1 30
0
0
0
1 30
0
1 19
0
0
0
0
2 30 15
0
0
0
0
0
0
1 21
0
0
0
0
1 39
1 21
0
1 25
1 37
0
0
0
0
1 41
0
0
1 32
0
0
0
50
0
0
0
0
0
0
0
1 20
0
0
1 35
0
1 5
0
1 48
0
0
1 39
0
0
0
0
0
0
0
2 16 15
0
1 4
0
0
1 39
0
0
0
0
0
0
1 6
0
0
0
0
0
2 35 14
2 27 20
0
0
0
2 25 5
0
