50
24
0
0
2 1 17
0
1 24
2 8 13
0
0
0
2 23 14
2 7 6
2 9 11
2 21 15
2 19 12
2 4 3
2 22 5
2 2 16
2 20 10
0
0
0
0
0
0
24
0
2 14 18
2 23 22
2 16 17
1 21
2 7 11
0
0
2 15 19
0
2 13 4
2 8 2
0
0
0
0
2 10 12
2 24 3
2 20 5
1 5
0
2 1 9
0
0
24
1 18
1 10
1 18
1 17
1 12
2 1 3
1 9
1 9
0
0
1 16
0
2 2 22
1 12
2 5 14
0
0
0
1 16
2 19 11
1 17
1 10
2 4 21
2 7 8
25
1 7
1 7
1 7
1 7
1 7
1 7
0
1 7
1 7
1 7
1 7
1 7
1 7
1 7
1 7
1 7
1 7
1 7
1 7
1 7
1 7
1 7
1 7
1 7
1 7
25
1 3
1 25
1 6
1 21
1 4
1 18
1 5
1 16
1 11
1 9
1 24
1 10
1 1
1 12
1 20
1 19
0
1 23
1 14
1 22
1 2
1 13
1 17
1 15
1 8
25
1 5
1 9
1 6
2 18 6
1 25
0
1 8
1 1
1 24
1 19
1 17
1 16
1 14
1 7
1 22
1 10
1 13
1 15
1 2
1 21
1 12
1 23
1 11
1 3
1 20
25
0
2 7 21
2 16 17
2 23 25
2 11 22
0
0
0
1 8
1 14
2 10 12
1 19
1 20
0
1 6
2 15 24
2 9 2
2 5 3
0
0
0
2 13 4
0
1 1
0
25
1 6
2 14 13
1 6
2 23 11
1 6
0
1 6
2 2 4
1 6
1 6
2 10 9
1 18
1 3
1 21
2 17 8
2 12 25
2 16 24
1 6
1 5
1 22
1 6
1 6
1 1
2 20 19
1 7
24
1 17
1 23
1 21
1 8
1 24
1 14
1 16
1 2
1 5
0
1 3
1 19
2 11 4
1 15
1 10
1 6
1 10
1 12
1 22
1 18
1 9
1 1
1 20
1 7
20
0
10 19 1 17 15 7 3 5 16 10 14
0
10 19 1 17 15 7 3 5 16 10 14
0
10 19 1 17 15 7 3 5 16 10 14
0
10 19 1 17 15 7 3 5 16 10 14
10 19 1 17 15 7 3 5 16 10 14
0
10 19 1 17 15 7 3 5 16 10 14
10 19 1 17 15 7 3 5 16 10 14
10 19 1 17 15 7 3 5 16 10 14
0
0
0
0
10 19 1 17 15 7 3 5 16 10 14
0
10 19 1 17 15 7 3 5 16 10 14
50
2 44 30
2 4 8
2 16 6
0
2 37 17
2 13 5
2 48 33
2 42 47
2 22 50
0
0
2 32 19
0
2 46 26
0
0
2 38 35
0
2 15 3
2 23 31
0
0
0
0
0
2 21 43
0
2 49 9
2 41 28
2 27 12
2 39 34
0
1 18
2 10 14
2 24 36
2 11 7
0
0
0
0
0
0
2 45 29
0
0
0
2 40 20
0
0
2 25 1
50
1 26
2 15 7
0
2 43 40
2 19 4
0
2 42 36
0
0
2 31 5
2 13 37
2 24 49
0
0
0
2 34 32
0
2 21 16
0
2 44 27
0
2 8 47
0
0
0
0
2 39 29
0
2 41 1
2 35 45
0
2 38 22
2 48 10
0
0
2 25 18
2 17 12
0
0
2 28 20
1 1
0
0
0
2 14 46
2 9 50
2 23 11
0
2 3 30
2 6 33
48
0
0
2 43 46
1 35
2 39 29
2 30 28
0
0
1 2
1 47
2 26 44
2 9 36
2 40 42
1 8
1 8
0
2 22 18
1 32
0
2 4 41
1 27
1 32
2 24 38
1 16
1 47
1 7
0
1 1
1 19
1 1
1 27
0
0
2 15 14
0
1 2
2 10 25
1 16
1 19
1 45
1 35
1 45
1 33
1 7
0
1 33
0
2 31 21
50
1 29
1 29
1 29
1 29
1 29
1 29
1 29
1 29
1 29
1 29
1 29
1 29
1 29
1 29
1 29
1 29
1 29
1 29
1 29
1 29
1 29
1 29
1 29
1 29
1 29
1 29
1 29
1 29
0
1 29
1 29
1 29
1 29
1 29
1 29
1 29
1 29
1 29
1 29
1 29
1 29
1 29
1 29
1 29
1 29
1 29
1 29
1 29
1 29
1 29
50
1 8
1 3
1 19
1 30
1 35
1 46
1 36
1 34
1 10
1 13
1 6
1 17
1 45
1 27
1 37
1 40
1 42
1 38
1 41
1 11
1 47
1 5
1 31
1 21
1 48
1 43
1 29
1 12
1 49
1 16
1 15
1 2
1 24
1 33
1 28
1 25
1 44
1 14
1 9
1 18
1 20
1 4
1 1
1 39
1 22
1 50
1 7
0
1 26
1 23
50
1 35
2 16 22
1 27
1 39
1 23
1 22
1 25
1 26
1 45
1 17
1 34
1 3
1 32
1 28
1 8
1 9
1 7
1 19
1 37
1 33
1 13
0
1 1
1 44
1 15
1 38
1 40
1 42
1 24
1 10
1 14
1 18
1 50
1 31
1 46
1 30
1 12
1 47
1 20
1 43
1 11
1 6
1 48
1 5
1 4
1 49
1 41
1 29
1 36
1 21
50
0
0
1 38
2 15 12
2 30 47
2 21 20
2 50 44
0
2 39 19
1 16
0
2 46 5
0
0
2 40 24
0
2 31 32
1 8
1 29
1 11
1 37
0
1 25
1 1
0
0
1 36
0
0
0
2 33 4
2 7 41
2 49 6
1 28
2 14 43
0
0
0
1 45
1 22
2 9 48
2 2 26
0
2 27 35
0
1 13
0
2 18 42
2 34 3
2 23 10
50
1 48
2 49 45
1 31
1 31
1 33
1 32
2 41 26
2 4 28
2 7 39
1 31
1 17
1 36
1 31
2 35 1
1 31
1 23
1 31
1 24
1 37
2 2 29
2 20 42
1 31
1 31
1 31
1 22
1 47
2 12 16
1 31
2 27 50
1 34
0
1 31
1 31
1 31
1 13
1 31
1 31
2 3 40
2 11 8
1 31
1 15
2 44 9
1 10
2 14 46
2 18 6
2 25 19
1 31
1 31
2 43 30
2 5 38
50
1 22
1 21
1 23
1 10
1 29
1 30
1 44
1 28
1 49
1 3
1 19
1 2
1 46
1 11
1 48
2 12 13
1 50
1 42
1 48
1 6
1 32
1 45
1 37
1 40
1 9
1 34
1 1
1 33
1 4
1 15
1 24
1 31
1 17
1 25
1 27
1 41
1 14
1 36
1 35
1 38
1 26
1 7
1 8
1 47
1 5
1 43
1 20
0
1 18
1 39
50
0
10 18 38 33 22 1 26 32 48 39 46
10 50 36 17 9 24 11 12 40 28 13
10 18 38 33 22 1 26 32 48 39 46
10 50 36 17 9 24 11 12 40 28 13
10 29 16 43 37 5 20 34 3 49 30
10 29 16 43 37 5 20 34 3 49 30
10 18 38 33 22 1 26 32 48 39 46
10 8 10 31 25 2 44 42 21 41 4
10 18 38 33 22 1 26 32 48 39 46
10 8 10 31 25 2 44 42 21 41 4
10 8 10 31 25 2 44 42 21 41 4
10 8 10 31 25 2 44 42 21 41 4
10 29 16 43 37 5 20 34 3 49 30
10 29 16 43 37 5 20 34 3 49 30
10 50 36 17 9 24 11 12 40 28 13
10 8 10 31 25 2 44 42 21 41 4
0
10 29 16 43 37 5 20 34 3 49 30
10 50 36 17 9 24 11 12 40 28 13
10 18 38 33 22 1 26 32 48 39 46
0
10 29 16 43 37 5 20 34 3 49 30
10 8 10 31 25 2 44 42 21 41 4
10 18 38 33 22 1 26 32 48 39 46
0
10 29 16 43 37 5 20 34 3 49 30
10 8 10 31 25 2 44 42 21 41 4
10 50 36 17 9 24 11 12 40 28 13
10 50 36 17 9 24 11 12 40 28 13
10 18 38 33 22 1 26 32 48 39 46
0
0
10 50 36 17 9 24 11 12 40 28 13
10 29 16 43 37 5 20 34 3 49 30
10 8 10 31 25 2 44 42 21 41 4
10 50 36 17 9 24 11 12 40 28 13
0
0
10 8 10 31 25 2 44 42 21 41 4
10 18 38 33 22 1 26 32 48 39 46
10 18 38 33 22 1 26 32 48 39 46
10 50 36 17 9 24 11 12 40 28 13
10 18 38 33 22 1 26 32 48 39 46
10 29 16 43 37 5 20 34 3 49 30
0
10 29 16 43 37 5 20 34 3 49 30
0
10 50 36 17 9 24 11 12 40 28 13
10 8 10 31 25 2 44 42 21 41 4
5
0
0
3 2 1 4
1 2
0
5
2 4 5
2 5 4
0
0
0
5
2 4 3
0
1 2
0
1 4
5
0
3 3 5 4
0
0
1 1
5
1 4
1 3
0
1 3
1 4
47
3 41 29 45
1 23
0
1 37
2 29 45
1 37
1 38
1 41
2 20 41
1 34
0
0
0
1 39
0
2 32 29
2 21 42
0
2 3 9
1 21
1 8
2 12 44
0
0
1 11
0
0
1 42
0
0
1 9
2 12 10
2 3 12
0
0
0
0
1 23
4 41 10 11 9
4 15 20 34 36
0
1 3
0
1 45
2 11 21
3 26 25 34
0
48
2 14 43
2 25 23
0
1 17
1 19
1 48
2 14 46
3 27 41 46
0
0
3 6 28 33
0
0
1 28
0
6 32 1 36 41 45 28
0
2 25 24
0
1 43
1 34
3 12 40 13
0
0
0
0
0
2 46 34
0
2 33 27
0
1 19
1 43
0
1 12
0
0
1 42
1 48
3 47 10 42
0
2 34 46
2 4 46
1 38
1 34
1 4
0
0
49
1 29
0
0
0
1 29
0
0
2 48 14
2 33 39
1 39
0
0
1 37
2 4 34
1 32
0
1 7
2 19 9
2 34 45
2 45 5
1 33
1 37
2 35 10
1 41
0
3 36 35 25
2 13 22
1 17
0
1 16
1 29
3 3 47 39
0
0
1 25
0
0
3 24 5 10
1 45
1 2
0
1 35
3 5 13 40
3 36 21 32
0
2 6 34
0
0
0
47
0
1 16
1 34
1 10
0
0
0
1 32
1 32
0
0
1 40
2 17 45
1 8
0
0
1 36
1 1
4 45 28 12 18
0
0
2 8 29
3 7 40 1
0
2 39 17
2 38 1
3 20 21 16
1 3
0
0
0
0
0
2 8 4
0
1 14
2 5 9
1 27
2 10 33
2 31 8
0
2 9 37
4 29 6 9 41
1 29
0
2 30 20
0
49
0
0
1 41
2 41 21
1 41
1 41
1 45
1 39
3 47 36 34
1 34
2 38 43
1 18
2 3 9
2 19 49
0
1 38
0
1 27
0
0
0
2 26 12
1 43
0
1 6
3 3 8 23
0
1 37
0
0
2 28 12
1 27
0
1 2
0
2 30 21
0
0
0
2 20 36
0
2 13 2
1 30
3 33 13 47
0
1 21
1 39
2 20 27
3 18 10 28
47
2 13 18
0
3 14 37 45
0
3 43 39 15
1 19
3 26 4 28
0
0
3 7 18 3
0
1 5
0
0
0
1 25
0
1 32
0
3 39 19 30
2 38 31
0
2 33 29
0
1 27
2 29 8
0
0
0
0
1 45
0
0
2 42 38
0
1 38
2 42 25
0
1 42
2 19 4
2 44 42
1 13
0
1 6
1 42
3 44 14 42
2 39 38
49
1 7
0
1 30
0
1 24
1 32
2 16 48
2 39 30
1 16
2 47 27
1 27
0
2 42 47
0
1 40
2 42 40
3 45 13 14
2 32 21
0
2 22 31
1 40
1 3
2 6 2
1 27
2 11 16
1 22
1 30
2 14 39
0
0
1 30
1 47
0
0
1 26
0
1 42
1 48
0
0
3 16 47 22
0
0
0
2 44 14
1 34
0
1 34
2 36 40
45
0
1 3
0
0
0
2 3 43
0
0
1 34
0
1 27
1 27
0
1 8
0
3 2 44 9
1 24
0
1 39
0
1 8
0
1 25
0
0
0
2 2 14
0
2 43 26
0
0
1 31
1 24
0
2 33 25
0
1 7
1 31
2 45 17
1 44
0
1 10
1 40
0
1 7
48
0
1 46
1 45
0
1 13
0
1 45
0
1 42
3 46 21 37
1 40
1 39
0
0
0
2 13 12
2 40 35
0
0
0
0
1 31
0
0
0
3 18 23 35
0
1 29
1 47
1 36
0
1 4
3 5 31 13
0
0
0
1 31
0
1 38
0
0
0
2 30 17
1 46
1 42
0
1 42
0
45
0
2 13 11
1 22
0
0
2 19 15
0
0
0
0
0
2 21 31
1 10
1 43
0
0
0
0
0
0
0
0
0
2 43 10
1 13
1 3
1 7
0
1 15
1 19
0
0
0
4 30 3 42 24
3 36 34 37
1 9
0
1 43
1 9
0
0
1 9
0
1 7
2 27 9
50
1 31
0
1 7
0
2 48 38
0
0
1 4
1 48
1 50
1 45
0
1 50
0
0
0
1 4
1 29
0
0
3 34 8 3
0
2 32 39
0
0
0
0
0
1 12
3 32 45 38
0
0
0
0
0
1 28
2 42 7
0
0
0
0
1 25
0
0
3 50 24 32
3 4 27 44
2 33 14
0
0
1 28
44
0
0
0
1 5
0
0
0
1 27
0
2 15 24
1 22
0
0
0
2 5 24
0
1 6
1 32
0
4 7 13 32 8
1 43
0
1 13
2 27 1
0
1 27
0
1 30
0
2 14 18
0
1 41
1 43
0
1 33
0
0
1 34
2 3 36
1 14
0
0
0
1 13
49
1 45
0
1 21
0
1 16
2 33 1
0
0
0
1 22
1 45
0
1 16
1 16
0
0
0
1 45
0
2 8 14
2 34 30
0
0
1 31
0
1 41
0
0
1 45
1 2
1 45
3 2 13 41
0
0
0
1 35
0
0
2 20 43
2 1 13
2 45 35
1 35
0
1 46
0
0
1 45
0
0
40
2 26 39
0
0
0
0
0
1 20
0
4 40 6 12 37
0
0
0
0
0
2 10 20
0
1 36
0
0
0
2 16 8
0
1 22
1 39
2 40 12
3 6 3 29
0
0
1 6
0
0
0
0
1 29
1 33
1 27
2 1 32
0
1 22
0
49
0
1 38
1 11
1 7
1 17
0
2 39 1
1 43
1 6
1 37
0
1 33
0
0
1 24
0
1 2
3 37 1 30
0
0
0
1 13
0
0
5 45 27 12 16 7
1 44
0
0
1 46
0
0
1 31
1 11
0
0
1 12
0
0
0
0
2 19 17
1 45
0
0
0
1 21
0
1 19
1 38
41
0
0
0
0
0
3 41 2 40
0
0
0
0
1 28
0
0
1 29
2 2 41
0
1 34
1 36
0
1 8
0
1 31
2 2 10
1 34
2 40 14
3 19 22 18
1 41
0
0
2 29 24
0
1 9
0
0
2 13 16
0
1 26
1 29
0
0
0
42
1 37
0
1 17
0
0
1 37
0
0
0
1 27
0
0
1 19
1 17
3 7 21 28
1 20
0
0
0
0
0
0
2 8 24
1 19
0
1 18
2 18 9
1 5
0
2 10 36
0
0
3 37 4 12
0
1 5
3 41 8 19
0
0
1 13
1 10
0
0
42
1 4
0
0
1 42
0
1 36
0
3 3 19 9
1 32
0
2 27 42
1 27
0
2 37 15
0
2 23 26
0
0
0
0
0
1 25
0
1 30
0
0
0
0
0
0
0
1 3
2 19 15
2 15 42
0
0
0
1 27
2 31 42
0
3 20 2 17
1 19
47
0
0
2 29 23
2 31 46
0
0
2 40 8
0
0
1 43
0
0
0
0
0
0
0
0
0
0
0
0
0
0
0
0
1 42
1 29
0
0
0
0
0
0
1 12
0
1 46
0
0
0
1 38
0
0
0
2 31 32
0
1 14
42
2 17 13
1 37
0
0
0
1 37
1 28
0
1 7
0
0
1 29
0
0
0
1 8
1 15
0
0
1 41
0
1 33
0
0
0
0
0
0
0
0
0
0
0
1 39
0
0
0
0
0
1 8
1 27
0
42
0
0
1 38
0
0
1 10
0
0
0
0
0
0
0
1 34
0
0
0
0
0
0
1 23
2 38 32
0
0
0
2 18 14
0
0
0
0
0
2 25 38
0
0
1 9
0
0
1 30
1 27
0
1 38
0
42
1 9
0
0
1 40
1 3
0
0
0
0
1 26
0
0
1 38
0
0
0
2 20 7
0
0
0
0
0
0
0
1 6
0
0
1 11
0
0
0
0
1 29
0
1 7
1 26
1 5
1 7
0
0
0
0
42
1 6
1 19
1 14
0
0
1 35
0
0
0
1 11
0
0
0
1 4
0
0
0
3 12 15 31
0
1 26
0
0
0
1 33
0
1 2
1 9
0
0
0
0
0
0
0
0
0
0
0
0
0
0
1 21
45
1 43
0
1 40
1 19
0
1 2
0
0
1 10
0
1 17
0
0
0
0
0
0
1 32
0
0
0
1 24
2 16 33
0
0
1 45
0
0
2 5 22
0
0
0
0
0
1 42
0
0
0
0
0
0
0
0
1 16
0
42
1 37
1 35
1 40
1 37
0
0
1 38
0
0
0
0
0
0
0
0
0
0
0
0
0
0
2 24 25
0
0
0
2 4 41
0
0
0
1 41
1 22
0
0
0
0
0
0
0
0
1 33
1 19
1 14
