50
24
2 21 4
0
0
1 11
0
2 19 1
2 14 12
2 18 24
2 20 6
2 15 9
0
2 17 16
0
0
0
2 3 22
0
0
0
0
0
2 13 10
2 2 7
2 5 23
24
0
0
2 6 9
0
0
0
2 12 10
1 2
2 15 21
2 5 18
1 8
0
2 4 7
0
0
0
0
2 22 19
2 14 3
2 1 24
2 11 8
0
2 17 20
2 16 13
24
2 22 10
1 19
1 5
1 8
0
1 21
1 5
0
0
1 9
2 6 16
2 14 23
2 24 2
1 17
2 3 7
1 21
0
1 8
0
2 18 4
0
1 9
1 17
1 19
25
1 19
1 19
1 19
1 19
1 19
1 19
1 19
1 19
1 19
1 19
1 19
1 19
1 19
1 19
1 19
1 19
1 19
1 19
0
1 19
1 19
1 19
1 19
1 19
1 19
25
1 6
1 14
1 21
1 25
1 19
1 24
1 15
1 17
1 8
1 2
1 18
1 4
1 22
1 5
1 12
0
1 11
1 13
1 9
1 23
1 16
1 3
1 7
1 20
1 10
25
1 19
1 15
1 6
1 5
1 13
1 20
1 8
1 25
1 3
1 23
1 24
1 21
1 14
0
1 12
1 9
2 10 14
1 16
1 4
1 7
1 1
1 18
1 11
1 22
1 2
25
0
1 1
2 7 9
2 14 3
0
2 16 24
0
2 18 5
0
2 23 4
0
0
0
1 12
1 11
2 2 25
0
0
1 17
2 6 10
1 13
0
2 15 19
2 21 8
1 22
25
2 20 25
1 18
1 18
2 1 19
2 22 15
1 13
1 18
1 18
1 12
2 5 4
1 8
1 18
1 18
1 18
2 11 17
1 14
1 21
0
2 6 24
1 3
1 18
2 9 16
1 18
2 23 2
1 7
24
2 18 13
1 7
1 21
0
1 11
1 4
1 12
1 19
1 20
1 9
1 23
1 24
1 2
1 3
1 10
1 17
1 6
1 15
1 5
1 8
1 16
1 4
1 22
1 14
20
0
10 20 14 1 4 13 3 16 10 12 9
0
0
10 20 14 1 4 13 3 16 10 12 9
10 20 14 1 4 13 3 16 10 12 9
10 20 14 1 4 13 3 16 10 12 9
10 20 14 1 4 13 3 16 10 12 9
0
0
10 20 14 1 4 13 3 16 10 12 9
0
0
0
10 20 14 1 4 13 3 16 10 12 9
0
10 20 14 1 4 13 3 16 10 12 9
10 20 14 1 4 13 3 16 10 12 9
10 20 14 1 4 13 3 16 10 12 9
0
50
0
2 47 34
2 28 41
0
0
1 49
0
2 27 43
2 22 25
0
0
2 7 14
0
2 29 38
2 13 39
2 46 48
2 21 6
2 40 31
0
0
0
0
0
0
2 23 30
2 11 8
0
0
0
2 50 26
2 24 36
2 10 3
0
2 5 15
2 4 17
2 19 2
0
2 44 18
2 20 35
0
2 42 45
0
2 1 16
0
2 37 9
0
0
2 33 12
0
0
50
2 18 19
0
0
2 40 14
2 42 1
0
2 33 26
2 6 24
0
0
2 47 34
1 43
2 36 15
2 32 41
2 49 35
0
0
0
2 48 31
2 9 11
2 27 7
0
0
2 50 38
0
2 25 20
0
1 12
2 2 46
2 39 4
2 28 12
0
0
2 10 30
2 23 44
0
2 17 13
2 3 37
0
0
2 16 5
0
0
2 45 29
0
2 22 21
0
0
0
0
48
0
2 30 33
1 1
2 46 26
0
0
2 11 22
2 13 25
1 19
1 47
1 35
0
1 34
1 6
1 47
1 39
1 5
2 17 24
0
1 6
0
1 35
2 3 27
1 5
1 34
1 40
1 1
0
1 19
1 12
2 36 42
2 20 14
1 12
0
0
1 21
1 28
2 37 45
0
0
2 44 16
1 21
2 29 9
1 39
1 28
1 40
0
2 15 10
50
1 34
1 34
1 34
1 34
1 34
1 34
1 34
1 34
1 34
1 34
1 34
1 34
1 34
1 34
1 34
1 34
1 34
1 34
1 34
1 34
1 34
1 34
1 34
1 34
1 34
1 34
1 34
1 34
1 34
1 34
1 34
1 34
1 34
0
1 34
1 34
1 34
1 34
1 34
1 34
1 34
1 34
1 34
1 34
1 34
1 34
1 34
1 34
1 34
1 34
50
1 2
1 7
1 4
1 50
1 29
1 5
1 9
0
1 40
1 35
1 16
1 42
1 20
1 39
1 23
1 17
1 3
1 32
1 46
1 34
1 19
1 27
1 43
1 36
1 45
1 47
1 13
1 12
1 41
1 1
1 25
1 38
1 15
1 8
1 28
1 22
1 26
1 48
1 24
1 37
1 11
1 49
1 18
1 14
1 44
1 10
1 33
1 21
1 6
1 31
50
1 23
1 26
1 25
1 48
1 1
1 14
1 12
1 3
1 33
1 43
1 16
1 9
1 40
1 22
1 20
1 18
1 4
1 29
1 34
1 5
1 2
1 45
1 10
1 31
1 21
1 41
1 49
1 44
1 35
1 13
1 19
1 36
1 42
1 7
1 28
1 39
1 24
2 17 44
1 6
1 46
1 50
1 30
1 27
0
1 47
1 32
1 11
1 15
1 8
1 37
50
1 9
2 22 38
0
0
0
0
1 43
2 47 1
0
0
2 25 45
0
2 44 7
1 3
2 13 23
0
2 14 26
2 41 32
0
2 8 17
0
1 48
2 37 33
0
1 36
1 6
1 21
0
1 24
0
0
2 15 40
2 39 42
1 30
2 49 50
0
1 4
2 12 5
0
2 11 2
2 20 35
0
0
1 19
1 31
2 16 10
1 28
0
2 29 27
2 34 46
50
1 28
1 29
2 40 12
2 21 23
2 11 20
1 29
1 29
1 44
1 29
2 15 22
1 29
1 34
1 29
1 29
2 46 4
2 39 3
2 16 42
2 10 17
1 29
1 29
1 7
2 50 38
1 2
1 35
1 14
2 25 5
1 29
1 29
0
1 29
2 36 1
1 13
1 30
1 29
1 29
1 9
1 29
2 24 49
2 48 45
1 6
1 37
2 31 26
1 29
1 29
1 47
2 41 32
1 29
1 27
2 19 43
2 8 33
50
1 20
1 33
1 38
1 10
1 32
1 44
1 25
1 41
1 27
1 43
1 24
1 21
1 18
1 40
1 23
1 45
1 15
1 7
1 12
1 4
1 26
2 42 35
1 28
1 34
1 5
1 50
1 16
1 39
1 19
1 37
1 29
1 31
1 8
1 17
1 2
1 30
1 46
1 36
1 48
0
1 13
1 1
1 6
1 3
1 14
1 49
1 9
1 40
1 11
1 47
50
10 23 41 14 5 48 29 49 30 17 36
10 28 37 39 35 3 7 40 1 11 15
10 23 41 14 5 48 29 49 30 17 36
10 19 47 44 50 26 8 10 38 6 16
0
10 12 32 13 22 33 46 2 34 9 18
10 23 41 14 5 48 29 49 30 17 36
10 12 32 13 22 33 46 2 34 9 18
10 28 37 39 35 3 7 40 1 11 15
10 12 32 13 22 33 46 2 34 9 18
10 23 41 14 5 48 29 49 30 17 36
10 28 37 39 35 3 7 40 1 11 15
10 28 37 39 35 3 7 40 1 11 15
0
10 23 41 14 5 48 29 49 30 17 36
10 12 32 13 22 33 46 2 34 9 18
0
10 28 37 39 35 3 7 40 1 11 15
10 12 32 13 22 33 46 2 34 9 18
10 19 47 44 50 26 8 10 38 6 16
10 19 47 44 50 26 8 10 38 6 16
10 28 37 39 35 3 7 40 1 11 15
0
10 19 47 44 50 26 8 10 38 6 16
10 19 47 44 50 26 8 10 38 6 16
10 12 32 13 22 33 46 2 34 9 18
10 19 47 44 50 26 8 10 38 6 16
10 23 41 14 5 48 29 49 30 17 36
0
0
10 19 47 44 50 26 8 10 38 6 16
10 28 37 39 35 3 7 40 1 11 15
10 28 37 39 35 3 7 40 1 11 15
10 28 37 39 35 3 7 40 1 11 15
10 23 41 14 5 48 29 49 30 17 36
0
10 23 41 14 5 48 29 49 30 17 36
10 12 32 13 22 33 46 2 34 9 18
10 23 41 14 5 48 29 49 30 17 36
10 23 41 14 5 48 29 49 30 17 36
0
10 19 47 44 50 26 8 10 38 6 16
10 19 47 44 50 26 8 10 38 6 16
10 12 32 13 22 33 46 2 34 9 18
10 19 47 44 50 26 8 10 38 6 16
10 28 37 39 35 3 7 40 1 11 15
10 12 32 13 22 33 46 2 34 9 18
0
0
10 12 32 13 22 33 46 2 34 9 18
5
1 4
1 3
1 5
0
1 4
5
0
1 5
0
3 3 5 2
0
5
0
1 1
0
1 1
2 2 3
5
3 5 2 4
0
0
0
1 3
5
0
2 5 4
2 5 1
0
0
40
1 29
2 23 22
0
0
0
0
2 36 13
3 33 35 2
3 37 22 32
0
1 5
0
3 40 16 3
1 12
0
0
0
0
1 1
1 11
2 10 29
1 3
0
0
1 6
1 31
0
4 18 16 34 33
0
0
0
0
1 6
3 4 16 29
2 15 10
1 22
2 40 16
2 28 11
1 36
1 3
45
0
2 18 11
1 20
0
0
2 35 8
1 14
1 43
3 13 3 2
1 39
0
0
1 44
1 16
0
2 20 35
2 29 23
0
0
0
2 9 17
1 14
2 10 5
3 18 27 29
0
0
1 8
0
2 43 35
2 4 3
0
0
0
2 42 36
0
0
0
1 2
0
2 20 18
4 8 44 35 17
0
2 37 25
0
4 23 37 39 16
41
0
1 1
0
1 25
1 7
0
0
3 5 33 12
1 11
1 21
0
0
0
1 21
0
0
2 7 30
0
0
1 11
0
0
2 26 21
0
1 36
4 9 5 36 1
3 7 36 6
3 39 9 38
1 24
3 18 34 9
1 36
0
2 15 39
1 32
2 11 7
0
3 25 20 32
0
2 36 35
1 1
0
47
0
0
0
2 9 36
0
0
0
0
2 39 35
3 43 47 42
2 29 19
0
0
1 18
0
1 8
0
1 25
0
0
1 17
1 44
2 40 21
0
2 38 19
2 30 13
0
0
0
2 47 43
0
1 39
2 40 20
0
0
3 30 7 2
2 18 39
0
1 3
1 39
2 11 47
2 18 29
1 29
1 7
4 12 8 36 46
4 22 43 38 47
1 34
46
3 41 21 12
1 33
0
1 17
3 26 19 21
3 3 8 43
2 45 19
0
2 30 8
1 46
1 22
2 3 25
1 27
0
1 17
1 20
0
1 12
1 20
0
1 46
2 8 25
0
2 15 34
0
2 41 10
0
2 30 8
0
0
0
2 39 18
0
2 14 27
3 18 1 34
1 19
0
0
0
1 41
1 39
1 38
0
1 41
1 21
0
41
1 21
1 20
1 41
1 1
0
1 19
5 32 17 23 4 28
0
0
2 19 22
0
0
1 31
1 17
0
2 41 28
0
1 33
0
5 8 21 1 38 39
1 41
0
2 19 24
0
1 41
0
2 4 20
0
3 14 20 28
4 9 33 28 19
0
0
2 27 16
1 31
1 14
0
1 20
0
0
1 8
0
49
0
1 41
2 47 21
2 23 1
2 8 26
2 16 5
0
1 37
0
2 38 40
0
1 46
3 5 29 23
0
1 26
0
0
1 48
2 41 9
1 30
0
1 48
1 17
2 21 11
1 9
0
2 29 1
0
0
1 37
2 44 24
0
0
1 6
0
2 30 27
0
0
1 9
0
1 21
2 45 46
2 9 6
0
6 5 29 46 16 41 17
0
1 17
1 26
1 38
48
0
0
0
1 3
0
1 42
3 19 27 2
0
0
0
1 47
0
0
2 29 13
0
0
0
0
0
1 44
0
0
1 32
1 36
2 18 19
2 13 28
1 15
0
1 19
2 3 5
1 34
4 34 25 42 39
1 40
0
0
1 25
0
1 11
0
0
1 9
1 39
1 39
1 10
0
0
1 10
0
41
0
0
2 4 1
0
2 4 32
1 21
1 10
2 26 41
1 1
0
0
1 22
0
1 28
0
0
0
1 11
1 25
0
0
0
0
2 28 14
0
0
1 41
0
1 23
0
2 9 38
1 34
2 32 35
0
1 21
0
1 34
1 9
0
0
2 29 35
45
0
0
0
2 37 26
0
0
0
0
1 2
2 3 43
1 14
1 37
1 4
2 24 43
1 45
1 27
0
0
1 14
0
0
3 21 17 38
0
0
0
0
0
1 18
1 14
1 9
1 43
0
1 23
0
1 27
1 15
1 20
0
4 9 6 30 45
1 38
0
1 12
0
0
0
46
0
2 37 29
0
0
1 24
2 43 9
1 37
1 28
0
0
1 28
0
1 15
0
0
0
3 20 24 23
2 42 10
1 37
2 10 11
0
0
0
0
0
1 6
0
1 12
2 44 21
0
1 1
0
1 4
0
1 33
0
0
1 39
2 23 43
1 22
0
0
0
0
1 23
1 43
47
1 42
2 18 27
0
0
0
0
0
0
1 47
0
0
1 1
0
1 36
1 20
0
2 24 25
0
2 27 39
0
0
1 42
3 30 41 5
2 11 35
0
1 27
0
0
1 40
2 46 36
2 27 25
1 44
1 11
1 36
0
0
0
0
0
2 6 4
0
0
1 25
1 24
1 36
0
0
44
3 13 14 44
0
1 14
0
1 11
1 11
1 12
0
1 44
0
0
0
2 37 26
2 12 8
0
2 38 19
0
0
1 26
0
0
0
1 17
0
0
0
0
1 24
1 22
0
0
0
2 17 21
0
1 25
2 25 43
0
1 21
3 34 26 24
2 5 7
0
0
0
0
45
2 23 39
0
1 30
4 7 19 28 13
1 28
0
1 45
0
4 24 29 32 22
0
0
2 27 34
0
2 32 21
0
0
3 11 6 28
0
1 40
0
0
1 20
1 31
0
0
0
1 45
0
0
1 24
0
1 26
0
0
0
0
0
0
1 34
0
0
1 45
1 3
0
1 40
48
0
0
1 13
1 5
1 37
0
0
0
0
1 18
2 1 30
2 22 39
0
0
0
0
2 24 31
0
5 18 36 27 14 1
3 18 6 26
0
0
0
2 7 29
1 8
0
0
0
0
0
0
1 23
2 6 27
1 37
0
0
0
0
1 28
1 29
0
0
1 24
0
1 23
0
1 18
2 31 14
40
0
1 24
0
0
0
0
3 6 1 36
0
0
2 1 3
0
0
0
1 19
1 17
1 9
1 22
1 11
0
0
0
0
1 13
2 17 6
1 36
0
0
3 20 7 2
1 12
1 25
0
0
1 20
0
0
0
1 22
0
1 11
3 19 24 1
47
1 10
0
1 26
0
0
0
0
0
2 8 11
0
0
0
2 19 20
1 16
1 27
0
2 19 43
0
0
1 5
1 26
2 14 28
1 31
0
1 45
1 44
0
1 39
0
2 26 25
0
2 44 11
1 11
0
0
0
3 8 23 39
2 37 11
0
1 27
1 36
0
0
0
1 36
0
0
46
0
0
0
0
2 32 2
0
0
1 27
2 22 45
0
1 38
0
1 21
0
1 4
0
3 40 45 37
1 36
0
1 40
0
0
1 19
1 19
1 33
1 27
0
0
0
1 33
0
0
0
1 28
3 23 29 24
0
0
1 43
0
0
2 27 13
1 2
2 33 32
1 32
1 16
0
46
0
1 9
0
0
1 34
0
0
1 32
0
0
0
0
1 23
0
0
1 19
0
0
0
0
1 20
1 7
0
0
0
0
0
0
0
0
0
1 3
0
0
1 9
0
1 2
0
2 28 38
0
1 3
1 30
0
0
1 3
0
41
0
0
0
0
0
0
0
0
1 8
0
1 16
0
1 24
0
0
1 32
0
0
0
0
2 31 39
0
0
0
0
0
0
0
1 31
1 25
0
0
1 36
0
0
0
2 19 5
1 22
0
1 26
0
46
0
1 43
0
0
1 19
0
0
0
0
0
0
0
1 23
0
0
1 32
0
1 9
0
0
1 13
0
0
0
0
1 46
0
1 37
0
0
1 19
0
0
0
0
2 15 17
0
1 45
1 18
0
0
0
1 37
0
0
1 17
44
0
0
0
1 29
1 8
0
2 38 17
0
0
2 17 23
1 1
0
0
0
0
0
1 8
1 30
0
1 17
0
0
0
1 13
0
1 25
0
0
0
0
0
0
0
0
0
0
0
0
1 37
0
0
1 39
0
0
50
1 40
0
1 22
0
1 30
1 48
0
1 10
1 42
0
0
1 10
0
0
0
0
0
0
0
0
2 15 17
0
0
0
0
1 39
0
2 4 12
0
0
0
0
1 7
0
0
1 25
0
0
1 4
0
0
0
0
1 17
0
0
0
0
0
0
41
0
0
0
1 11
1 11
2 40 8
0
1 11
0
0
0
0
1 1
0
0
0
0
1 4
0
0
0
0
0
0
1 36
0
0
0
0
0
0
1 2
0
1 36
0
0
1 13
0
1 40
0
1 40
41
0
1 41
0
0
1 1
0
0
0
0
0
1 34
1 28
0
0
1 35
0
0
0
1 14
1 22
0
0
1 34
0
2 10 4
0
0
0
0
2 14 13
0
0
0
0
0
0
0
0
1 41
0
0
