100
786674420701 308049 31
760585354785 291881 14
275136874341 922575 51
242172295109 776736 25
594241352363 696361 74
307638963104 677049 7
468300722006 63437 52
757802183060 880853 77
727666687405 617523 75
576530160878 38305 51
697860754825 284421 39
795823650113 188218 36
733021780608 964515 29
607490282476 333841 95
782645045043 498983 31
87951312531 477401 6
30372748530 656895 51
108156786895 119464 1
186898862729 514867 33
395666493817 833164 41
231331908304 596985 38
707899832495 899368 53
445700548805 117561 57
565563927963 682371 71
215351897109 30633 53
528354790712 568961 1
677556217151 638113 26
732875613747 276395 21
937773645290 774095 46
960146664035 368359 53
170208307585 33293 37
625450732737 646108 27
641169978192 801985 9
526307375218 268737 1
883177083781 346887 51
756079927396 617393 92
196317941885 351426 37
188659744063 387409 65
736614289347 395653 89
203614919751 902891 12
479768423753 261169 51
528993615749 639219 10
542760207777 299323 56
935073134440 354816 76
237620575823 920571 39
475461784401 74741 47
658110604272 756337 41
446474149276 164277 21
358862020362 894461 33
669626103076 724106 55
592883544251 165775 29
350659703501 373806 41
204770882643 463801 41
998384044507 647681 34
249364415753 702485 98
226623600001 423998 45
770131202916 564720 59
451772897257 174757 45
429051572593 953473 41
943457351157 892977 78
532059196421 664041 93
658024476320 703721 98
569036966823 496976 51
238273455477 70201 56
654018457145 542113 21
738980156327 430465 73
950285400195 17 9
321421664945 621247 94
816778382281 659463 97
67592256081 699926 77
291037835205 914528 40
994486183211 38601 11
363131564371 222273 11
997535901113 742568 33
64627647203 360011 73
888754616992 664157 75
178690606611 730901 64
727827302612 825571 57
876128145781 60497 67
606181251089 15039 31
244563842929 924337 89
247441858465 268361 84
73303094559 534913 30
863409564810 679427 33
233050565217 453398 41
214119478590 113041 46
263033178591 148781 68
624085740191 435679 37
343748486851 118675 21
619631156005 376076 73
859254182537 849373 28
92745311644 982081 73
277568933245 360953 35
102533227352 643605 71
427873408531 520572 57
222254212436 854041 77
730353795214 12655 97
943858380927 656280 1
371797730181 897209 83
1000000000000 1000000 1
